#0
0
0
0
0
1
#1
0.3733333
0
0
0
1
#2
0.4405345
0
0
0
1
#3
0.4805588
0
0
0
1
#4
0.502211
0
0
0
1
#5
0.5361117
0
0
0
1
#6
0.6213062
0
0
0
1
#7
0.7040908
0
0
0
1
#8
0.8198861
0.006544937
-0.0006544844
4.283652E-06
0.9999784
#9
0.905217
0.2396018
-0.1071292
0.02661103
0.9645756
#10
1.00119
0.2611498
-0.3095638
0.08883908
0.9099883
#11
1.117393
0.04664813
-0.3456889
0.0172094
0.937031
#12
1.212751
0.01964733
-0.2492725
0.005058287
0.9682209
#13
1.308552
0.03116418
-0.2352331
0.007546606
0.9714099
#14
1.416704
0.06663064
-0.4139755
0.03040045
0.9073371
#15
1.512463
-0.01424407
-0.4919779
-0.008050707
0.870454
#16
1.632946
-0.01424407
-0.4919779
-0.008050707
0.870454
#17
1.706479
-0.01424407
-0.4919779
-0.008050707
0.870454
#18
1.815539
-0.05019522
-0.5365306
-0.03199328
0.841779
#19
1.920516
-0.10987
-0.7002996
-0.1104468
0.6966424
#20
2.004221
-0.10987
-0.7002996
-0.1104468
0.6966424
#21
2.106093
-0.10987
-0.7002996
-0.1104468
0.6966424
#22
2.206107
-0.1095805
-0.702121
-0.1107341
0.6948066
#23
2.316225
-0.07168645
-0.8055645
-0.09962458
0.5796568
#24
2.404667
-0.06776839
-0.8135351
-0.09682822
0.569379
#25
2.505793
-0.07308917
-0.8038474
-0.1010151
0.5816213
#26
2.624872
-0.07890085
-0.7455959
-0.08973195
0.6555987
#27
2.733828
-0.06366275
-0.728893
-0.06841941
0.6782189
#28
2.82162
-0.05235628
-0.7473283
-0.05930822
0.6597286
#29
2.908611
-0.07074497
-0.7533811
-0.08217604
0.6485824
#30
3.025358
-0.0765682
-0.753444
-0.08917601
0.6469212
#31
3.123439
-0.0765682
-0.753444
-0.08917601
0.6469212
#32
3.218764
-0.0765682
-0.753444
-0.08917601
0.6469212
#33
3.320165
-0.0765682
-0.753444
-0.08917601
0.6469212
#34
3.421312
-0.0765682
-0.753444
-0.08917601
0.6469212
#35
3.52006
-0.0765682
-0.753444
-0.08917601
0.6469212
#36
3.625938
-0.0765682
-0.753444
-0.08917601
0.6469212
#37
3.720671
-0.0765682
-0.753444
-0.08917601
0.6469212
#38
3.819816
-0.0765682
-0.753444
-0.08917601
0.6469212
#39
3.922184
-0.0765682
-0.753444
-0.08917601
0.6469212
#40
4.024093
-0.0765682
-0.753444
-0.08917601
0.6469212
#41
4.113245
-0.0765682
-0.753444
-0.08917601
0.6469212
#42
4.211962
-0.09122479
-0.7123724
-0.09426001
0.6894336
#43
4.326873
-0.1043014
-0.6423366
-0.08884594
0.7540764
#44
4.41212
-0.101599
-0.6224222
-0.08194346
0.7717211
#45
4.500315
-0.1009066
-0.6194931
-0.08073302
0.7742921
#46
4.632188
-0.1008008
-0.6205062
-0.08086504
0.7734805
#47
4.720585
-0.1007479
-0.6210123
-0.08093099
0.7730743
#48
4.813044
-0.1007479
-0.6210123
-0.08093099
0.7730743
#49
4.925139
-0.1007479
-0.6210123
-0.08093099
0.7730743
#50
5.003966
-0.1007479
-0.6210123
-0.08093099
0.7730743
#51
5.116027
-0.1007479
-0.6210123
-0.08093099
0.7730743
#52
5.232551
-0.1007479
-0.6210123
-0.08093099
0.7730743
#53
5.308964
-0.1007479
-0.6210123
-0.08093099
0.7730743
#54
5.423874
-0.06345087
-0.669092
-0.0575085
0.7382295
#55
5.513743
-0.03748953
-0.7637643
-0.04453997
0.6428646
#56
5.627552
-0.0393875
-0.777254
-0.04890071
0.6260459
#57
5.732779
-0.04887353
-0.757829
-0.05714775
0.6481056
#58
5.816125
-0.05905292
-0.7060089
-0.05928526
0.7032421
#59
5.91869
-0.05969414
-0.6469496
-0.05091607
0.7584856
#60
6.015266
-0.05320993
-0.6394054
-0.04443126
0.7657384
#61
6.102643
-0.01609021
-0.6905536
-0.01536942
0.722939
#62
6.21675
-0.03087104
-0.8214269
-0.04466667
0.5677232
#63
6.301701
-0.08009797
-0.8036677
-0.1111607
0.5790906
#64
6.457387
-0.1264549
-0.7326167
-0.1417429
0.6535985
#65
6.532929
-0.009586496
-0.7920587
-0.0124427
0.6102428
#66
6.628709
0.02296085
-0.971561
0.1059742
0.2105028
#67
6.721507
0.02208941
-0.9739517
0.1088158
0.1977104
#68
6.807723
0.02208941
-0.9739517
0.1088158
0.1977104
#69
6.923506
0.02160587
-0.9746645
0.1082497
0.1945362
#70
7.00476
0.000253568
-0.999652
0.0242127
0.01046887
#71
7.110649
-0.005339255
-0.9902228
0.03955502
-0.1336632
#72
7.201392
-0.005992457
-0.9891279
0.04210524
-0.1407736
#73
7.315521
-0.005992457
-0.9891279
0.04210524
-0.1407736
#74
7.411943
0.01125429
-0.954332
-0.03624478
-0.2963277
#75
7.516331
0.02034229
-0.9220806
-0.04892943
-0.3833528
#76
7.611388
0.02034229
-0.9220806
-0.04892943
-0.3833528
#77
7.718378
0.02037431
-0.9218296
-0.04891611
-0.3839562
#78
7.803776
-0.001862342
-0.822264
0.00269082
-0.5690968
#79
7.924263
-0.02339134
-0.7378641
0.02560558
-0.6740577
#80
8.008636
-0.02339134
-0.7378641
0.02560558
-0.6740577
#81
8.101045
-0.02342484
-0.7369813
0.02557494
-0.6750229
#82
8.211786
-0.01210623
-0.5412853
0.007794458
-0.8407158
#83
8.303761
-0.006158082
-0.5180136
0.003729467
-0.8553421
#84
8.421175
-0.006158082
-0.5180136
0.003729467
-0.8553421
#85
8.516193
0.1002181
-0.4048747
-0.0446986
-0.9077637
#86
8.611601
0.1205225
-0.391333
-0.05178057
-0.9108522
#87
8.71711
0.1205225
-0.391333
-0.05178057
-0.9108522
#88
8.831761
0.1205225
-0.391333
-0.05178057
-0.9108522
#89
8.900562
0.1205225
-0.391333
-0.05178057
-0.9108522
#90
9.012046
0.1205225
-0.391333
-0.05178057
-0.9108522
#91
9.10006
0.1205225
-0.391333
-0.05178057
-0.9108522
#92
9.203819
0.131227
-0.4265184
-0.06269756
-0.8927097
#93
9.30373
0.1790235
-0.5140641
-0.1106751
-0.8315286
#94
9.408731
0.1977823
-0.5130174
-0.1228095
-0.8262041
#95
9.508114
0.2241727
-0.5088158
-0.1391963
-0.8194373
#96
9.603947
0.2408886
-0.5161064
-0.1539806
-0.8074013
#97
9.727712
0.2532644
-0.5247046
-0.1670763
-0.795379
#98
9.816758
0.2532644
-0.5247046
-0.1670763
-0.795379
#99
9.903403
0.2532644
-0.5247046
-0.1670763
-0.795379
#100
10.01137
0.2532644
-0.5247046
-0.1670763
-0.795379
#101
10.11976
0.2532644
-0.5247046
-0.1670763
-0.795379
#102
10.20931
0.2563859
-0.5240445
-0.1691355
-0.7943783
#103
10.30824
0.2620983
-0.5228132
-0.172904
-0.7925119
#104
10.40701
0.2641722
-0.5223587
-0.1742721
-0.791823
#105
10.51581
0.2652085
-0.5221301
-0.1749557
-0.7914765
#106
10.60375
0.2717186
-0.4987946
-0.1682265
-0.8056505
#107
10.70402
0.3004547
-0.3181252
-0.107061
-0.8927829
#108
10.8075
0.3179431
0.07559783
0.02544149
-0.9447486
#109
10.90267
0.2729961
0.2644877
0.07834487
-0.9216189
#110
11.01201
0.2192215
0.35364
0.08563623
-0.9052885
#111
11.11184
0.2192215
0.35364
0.08563623
-0.9052885
#112
11.20379
0.2230683
0.3736821
0.09308285
-0.8955098
#113
11.32505
0.2395967
0.473042
0.1354193
-0.8369506
#114
11.41326
0.242937
0.4878216
0.1434581
-0.8260942
#115
11.53237
0.2484925
0.4889324
0.1476174
-0.8230466
#116
11.60053
0.2490311
0.4888357
0.1479374
-0.8228838
#117
11.70769
0.2535814
0.4838434
0.1488497
-0.824279
#118
11.8178
0.2575044
0.4794779
0.1495703
-0.8254824
#119
11.90992
0.2598619
0.4780046
0.1504851
-0.8254318
#120
12.01623
0.261041
0.477267
0.1509398
-0.8254036
#121
12.1003
0.261041
0.477267
0.1509398
-0.8254036
#122
12.21627
0.2504437
0.5262898
0.1656862
-0.7955157
#123
12.30219
0.1860575
0.7345324
0.2228181
-0.6133489
#124
12.43207
0.1490735
0.8211164
0.2490831
-0.491429
#125
12.51633
0.1489104
0.8214381
0.2491807
-0.4908913
#126
12.61236
0.1489104
0.8214381
0.2491807
-0.4908913
#127
12.72396
0.1332442
0.8481742
0.253658
-0.4455381
#128
12.8247
0.09706441
0.8979259
0.2494391
-0.3494106
#129
12.93353
0.0752787
0.9237884
0.2429979
-0.2861819
#130
13.03272
0.05572438
0.9437402
0.2462659
-0.213547
#131
13.11159
0.03524932
0.9581235
0.2500192
-0.1350824
#132
13.22152
-0.01469944
0.9659579
0.2520635
0.0563312
#133
13.30368
-0.04812242
0.9501432
0.2452817
0.1864109
#134
13.41669
-0.07844373
0.9178268
0.2286274
0.314913
#135
13.50376
-0.09566972
0.8902171
0.2198945
0.3873077
#136
13.60422
-0.09566972
0.8902171
0.2198945
0.3873077
#137
13.7183
-0.09581356
0.8899636
0.2198318
0.38789
#138
13.80388
-0.1015815
0.881193
0.2207275
0.4055359
#139
13.92318
-0.1177061
0.8555733
0.222661
0.452285
#140
14.01143
-0.13353
0.8280321
0.2224517
0.497039
#141
14.10822
-0.139448
0.8182493
0.2232724
0.5110496
#142
14.21664
-0.1418748
0.8139184
0.2232358
0.5172759
#143
14.32517
-0.1428453
0.8129478
0.2241141
0.5181546
#144
14.41666
-0.1428453
0.8129478
0.2241141
0.5181546
#145
14.50507
-0.1426985
0.8132867
0.2242076
0.5176222
#146
14.61661
-0.1424049
0.8139638
0.2243942
0.5165569
#147
14.7163
-0.1429748
0.8145338
0.2262732
0.5146778
#148
14.8004
-0.1430145
0.8150586
0.2269938
0.5135174
#149
14.91684
-0.144243
0.8153173
0.2299435
0.5114467
#150
15.00779
-0.1452775
0.8153811
0.2322677
0.5100001
#151
15.10614
-0.1464587
0.8151036
0.2344975
0.5090844
#152
15.21691
-0.147458
0.8146417
0.2360975
0.5087959
#153
15.30114
-0.1485382
0.8123018
0.2354194
0.5125231
#154
15.40032
-0.1806359
0.6692573
0.1727704
0.6997255
#155
15.50203
-0.1985727
0.4681231
0.1088282
0.8541581
#156
15.60221
-0.2027695
0.4023518
0.09187388
0.8880072
#157
15.71333
-0.2027695
0.4023518
0.09187388
0.8880072
#158
15.82519
-0.2012792
0.4111117
0.09359109
0.8841463
#159
15.92057
-0.2095496
0.2514262
0.05585505
0.9432678
#160
16.0329
-0.1935984
0.1818191
0.03653739
0.9633933
#161
16.10632
-0.1896722
0.1484517
0.02902424
0.9701259
#162
16.20811
-0.1864148
0.0578372
0.01099383
0.9807056
#163
16.33191
-0.1672126
-0.156084
-0.02682018
0.9731179
#164
16.40452
-0.1637822
-0.2363653
-0.04045581
0.9569066
#165
16.51962
-0.1691652
-0.2273804
-0.04014453
0.9581596
#166
16.60417
-0.1714664
-0.1629555
-0.02877016
0.9711937
#167
16.71173
-0.1533147
-0.1219018
-0.01906211
0.9804444
#168
16.81983
-0.1488211
-0.1219878
-0.01850341
0.9811365
#169
16.92421
-0.1384932
-0.1247474
-0.01758765
0.9823179
#170
17.01592
-0.1384932
-0.1247474
-0.01758765
0.9823179
#171
17.10119
-0.1417537
-0.1221184
-0.01762476
0.9821824
#172
17.21411
-0.155398
-0.113521
-0.01798
0.9811428
#173
17.30745
-0.1612349
-0.1102043
-0.01812075
0.9805764
#174
17.42006
-0.1651085
-0.1088491
-0.01833721
0.980079
#175
17.53637
-0.18189
-0.1021232
-0.0189966
0.977817
#176
17.6074
-0.2108506
-0.09006096
-0.01951303
0.9731652
#177
17.71183
-0.2363775
-0.08381949
-0.02047177
0.9678228
#178
17.81393
-0.2630735
-0.07504618
-0.02053034
0.9616335
#179
17.90787
-0.2687874
-0.07240994
-0.02026834
0.9602601
#180
18.00014
-0.2694159
-0.07239666
-0.02031573
0.960084
#181
18.10892
-0.2763745
-0.06973962
-0.02011285
0.9583053
#182
18.2013
-0.2776287
-0.06971323
-0.02020412
0.9579427
#183
18.31742
-0.2820146
-0.06961994
-0.0205233
0.9566607
#184
18.43308
-0.308288
-0.06530385
-0.02121853
0.9488118
#185
18.50448
-0.3300407
-0.06048614
-0.02119679
0.9417884
#186
18.60364
-0.3349813
-0.05975932
-0.02129405
0.9400867
#187
18.71201
-0.3349813
-0.05975932
-0.02129405
0.9400867
#188
18.81987
-0.3423544
-0.05959023
-0.02176274
0.9374267
#189
18.90742
-0.3423544
-0.05959023
-0.02176274
0.9374267
#190
19.00878
-0.3423544
-0.05959023
-0.02176274
0.9374267
