#0
0
0
0
0
1
#1
0.3733333
0.4143351
0.1785569
-0.08326245
0.8885445
#2
0.4292664
0.4079002
0.2027635
-0.09342161
0.8853118
#3
0.4672271
0.4079002
0.2027635
-0.09342161
0.8853118
#4
0.4840002
0.4079002
0.2027635
-0.09342161
0.8853118
#5
0.5034505
0.4079002
0.2027635
-0.09342161
0.8853118
#6
0.6038101
0.4073206
0.2028246
-0.09328888
0.8855785
#7
0.7051121
0.3540845
0.2419652
-0.09537361
0.8983212
#8
0.805873
0.3267712
0.3165177
-0.1171619
0.8827856
#9
0.9019885
0.3271058
0.3384503
-0.1267939
0.8731418
#10
1.018139
0.1954975
-0.1126893
0.02261982
0.9739457
#11
1.110449
0.1530101
-0.2642622
0.04250534
0.9512869
#12
1.201833
0.1549618
-0.2623104
0.04271996
0.9515015
#13
1.321948
0.2376638
-0.1229434
0.03034003
0.9630578
#14
1.403506
0.2855952
-0.02445888
0.007291507
0.9580104
#15
1.505992
0.2090853
-0.06969616
0.01494156
0.9752961
#16
1.609686
-0.003907469
-0.333804
-0.001383707
0.9426335
#17
1.714513
-0.01661959
-0.3698902
-0.006617935
0.9289033
#18
1.819013
-0.01657151
-0.3765682
-0.006737415
0.9262162
#19
1.929102
-0.01657151
-0.3765682
-0.006737415
0.9262162
#20
2.001467
-0.01657151
-0.3765682
-0.006737415
0.9262162
#21
2.123558
-0.01657151
-0.3765682
-0.006737415
0.9262162
#22
2.222664
-0.01657151
-0.3765682
-0.006737415
0.9262162
#23
2.314568
-0.01657151
-0.3765682
-0.006737415
0.9262162
#24
2.420782
-0.01657151
-0.3765682
-0.006737415
0.9262162
#25
2.513685
-0.01420241
-0.367473
-0.00561238
0.9299088
#26
2.607188
-0.02259079
-0.3807549
-0.009305484
0.9243532
#27
2.701668
-0.02259079
-0.3807549
-0.009305484
0.9243532
#28
2.81472
-0.02259079
-0.3807549
-0.009305484
0.9243532
#29
2.901882
-0.02259079
-0.3807549
-0.009305484
0.9243532
#30
3.017866
-0.02259079
-0.3807549
-0.009305484
0.9243532
#31
3.110023
-0.02259079
-0.3807549
-0.009305484
0.9243532
#32
3.210337
-0.02259079
-0.3807549
-0.009305484
0.9243532
#33
3.318101
-0.02259079
-0.3807549
-0.009305484
0.9243532
#34
3.410899
-0.02259079
-0.3807549
-0.009305484
0.9243532
#35
3.51685
-0.02259079
-0.3807549
-0.009305484
0.9243532
#36
3.606344
-0.02259079
-0.3807549
-0.009305484
0.9243532
#37
3.727314
-0.0506018
-0.4433401
-0.02507768
0.8945726
#38
3.8056
-0.07669836
-0.536898
-0.04909781
0.8387176
#39
3.915527
-0.08627266
-0.6432931
-0.07329406
0.7572047
#40
4.030876
-0.06813771
-0.7253485
-0.0725593
0.6811476
#41
4.126219
-0.06341141
-0.7284788
-0.06805992
0.6787235
#42
4.229515
-0.0598988
-0.7283806
-0.06420551
0.6795231
#43
4.305902
-0.0608585
-0.7180693
-0.06329659
0.6904103
#44
4.414357
-0.06224144
-0.8148
-0.0890553
0.56947
#45
4.50739
-0.0466027
-0.8991288
-0.09886774
0.423817
#46
4.616221
-0.03875819
-0.9263726
-0.0994096
0.3611777
#47
4.710762
-0.01936978
-0.974325
-0.09231539
0.2044346
#48
4.802565
-0.01889325
-0.9744293
-0.08975195
0.2051224
#49
4.923533
-0.02413237
-0.9588031
-0.08578184
0.269733
#50
5.011413
-0.02519722
-0.9553747
-0.08547512
0.281635
#51
5.110859
-0.02713344
-0.9529216
-0.08965822
0.2883845
#52
5.201923
-0.02927128
-0.9515566
-0.09581681
0.290693
#53
5.306023
-0.0302224
-0.9512379
-0.09893024
0.2905957
#54
5.425835
-0.04819858
-0.9495593
-0.2499982
0.1830709
#55
5.517974
-0.03299334
-0.9464501
-0.3043276
0.1026083
#56
5.61363
-0.03430049
-0.9485545
-0.294761
0.1103806
#57
5.706682
-0.06366388
-0.9354127
-0.2234939
0.2664592
#58
5.811384
-0.06496603
-0.9305548
-0.2031065
0.297649
#59
5.910895
-0.06471169
-0.9303005
-0.2005009
0.3002546
#60
6.023911
-0.0639254
-0.9308222
-0.1980647
0.300423
#61
6.106186
-0.06136698
-0.9324737
-0.1901377
0.300956
#62
6.21449
-0.06136698
-0.9324737
-0.1901377
0.300956
#63
6.306313
-0.06136698
-0.9324737
-0.1901377
0.300956
#64
6.409845
-0.06136698
-0.9324737
-0.1901377
0.300956
#65
6.509554
-0.06136698
-0.9324737
-0.1901377
0.300956
#66
6.605733
-0.06136698
-0.9324737
-0.1901377
0.300956
#67
6.705758
-0.06136698
-0.9324737
-0.1901377
0.300956
#68
6.820486
-0.06235152
-0.9318465
-0.1931882
0.3007536
#69
6.918309
-0.06549754
-0.9297724
-0.2029358
0.3000841
#70
7.001433
-0.06863637
-0.9275963
-0.212661
0.2993818
#71
7.103222
-0.07254927
-0.9247332
-0.2247846
0.2984577
#72
7.231372
0.08201608
-0.916984
-0.2975039
-0.2527947
#73
7.302217
0.1797155
-0.7991519
-0.2902754
-0.4947715
#74
7.405977
0.1952769
-0.7738466
-0.2845285
-0.5311045
#75
7.517802
0.1952769
-0.7738466
-0.2845285
-0.5311045
#76
7.62196
0.2163933
-0.7509298
-0.2957992
-0.5493462
#77
7.710828
0.2593359
-0.6610835
-0.2624091
-0.6533414
#78
7.810421
0.2720512
-0.3502925
-0.1070952
-0.8898393
#79
7.907254
0.2709229
-0.3080026
-0.09196591
-0.9073464
#80
8.005568
0.2734965
-0.2536449
-0.07501268
-0.9247903
#81
8.111773
0.2922281
0.09307371
0.02858876
-0.9513794
#82
8.207952
0.3070349
0.1278028
0.04164897
-0.9421579
#83
8.305876
0.3070349
0.1278028
0.04164897
-0.9421579
#84
8.422869
0.3057764
0.09637041
0.03112679
-0.946702
#85
8.50596
0.2897727
0.3366605
0.1097125
-0.8891876
#86
8.602264
0.2159814
0.5022961
0.1311894
-0.8269463
#87
8.721979
0.1696046
0.61463
0.1375268
-0.7579911
#88
8.806129
0.1533848
0.672344
0.1453658
-0.7094332
#89
8.930693
0.1437385
0.8117329
0.2245413
-0.5196251
#90
9.012736
0.1324373
0.8670554
0.3233165
-0.3551643
#91
9.118159
0.1149188
0.8811029
0.3658659
-0.2767553
#92
9.203939
0.117518
0.8782068
0.3707432
-0.2783735
#93
9.317998
0.1368258
0.8629503
0.3543617
-0.3332016
#94
9.418253
0.01857109
0.9494674
0.3080426
-0.05724091
#95
9.538208
-0.007750187
0.9609412
0.2753185
0.02705039
#96
9.602842
-0.02643546
0.9544348
0.2836226
0.08895949
#97
9.714977
-0.1073586
0.8925409
0.3025425
0.3167222
#98
9.804889
-0.141597
0.8522437
0.2963657
0.4071834
#99
9.915906
-0.1569689
0.831755
0.2941315
0.4438819
#100
10.02268
-0.1646645
0.7570295
0.208876
0.5967937
#101
10.10592
-0.1386538
0.6167712
0.1115304
0.7667657
#102
10.2146
-0.1258929
0.5496975
0.08423825
0.8215154
#103
10.31783
-0.1258929
0.5496975
0.08423825
0.8215154
#104
10.41105
-0.1251717
0.5566671
0.08530631
0.8168088
#105
10.52615
-0.1468578
0.5426036
0.09701883
0.8213413
#106
10.61402
-0.1591505
0.53315
0.1029098
0.8245192
#107
10.72054
-0.176364
0.5111986
0.1080759
0.834201
#108
10.81118
-0.176364
0.5111986
0.1080759
0.834201
#109
10.92011
-0.176364
0.5111986
0.1080759
0.834201
#110
11.01209
-0.1766967
0.5127646
0.1087576
0.8330802
#111
11.1065
-0.1775718
0.5142566
0.1097777
0.8318397
#112
11.2261
-0.1808653
0.5175505
0.1129625
0.8286548
#113
11.31893
-0.1833506
0.5188034
0.115016
0.8270411
#114
11.41427
-0.1882828
0.5249687
0.1203544
0.8212627
#115
11.52958
-0.1338378
0.6952009
0.1341892
0.6933805
#116
11.61216
-0.1218246
0.7104934
0.127038
0.6813363
#117
11.73161
-0.1081066
0.7223929
0.1160319
0.6730514
#118
11.80449
-0.1033936
0.7197435
0.1098148
0.6776577
#119
11.91946
-0.09672618
0.7089443
0.09916248
0.6915264
#120
12.01418
-0.09378889
0.7044528
0.09477629
0.6971136
#121
12.10319
-0.09378889
0.7044528
0.09477629
0.6971136
#122
12.21532
-0.09378889
0.7044528
0.09477629
0.6971136
#123
12.30591
-0.09632355
0.7023119
0.09682921
0.6986443
#124
12.41049
-0.1009604
0.701206
0.1013576
0.6984581
#125
12.51462
-0.1095399
0.6976776
0.1092534
0.6995075
#126
12.61115
-0.1119744
0.6964002
0.1113894
0.7000577
#127
12.72634
-0.1166876
0.6893689
0.1139697
0.7058084
#128
12.80243
-0.118286
0.6850507
0.1141773
0.7097026
#129
12.91789
-0.1213302
0.6745391
0.113787
0.7192555
#130
13.00653
-0.08907539
0.684073
0.08475115
0.7189763
#131
13.11089
-0.03271914
0.7123201
0.03328067
0.7003014
#132
13.20554
-0.02504128
0.7094289
0.0252387
0.7038797
#133
13.31395
-0.02009134
0.7054326
0.02001256
0.7082096
#134
13.41914
-0.01120929
0.7102486
0.01131247
0.7037708
#135
13.51864
-0.008841208
0.7153306
0.009052017
0.6986716
#136
13.60239
-0.009709897
0.7185115
0.01003296
0.695375
#137
13.71221
-0.01105275
0.7198547
0.01146547
0.693942
#138
13.81163
-0.01602663
0.7206611
0.0166687
0.6929018
#139
13.9049
-0.01829406
0.7206028
0.01902697
0.6928456
#140
14.01842
-0.02282831
0.7204627
0.02374286
0.6927111
#141
14.11852
-0.02917455
0.720215
0.03034336
0.6924728
#142
14.2042
-0.03098734
0.7201331
0.03222877
0.6923941
#143
14.30292
-0.0323688
0.7196153
0.03362152
0.6928028
#144
14.42248
-0.04191343
0.6872051
0.03977442
0.7241619
#145
14.52219
-0.09713193
0.4233198
0.04570693
0.8995981
#146
14.61508
-0.1468579
0.0343058
0.005096434
0.9885494
#147
14.71026
-0.1695598
-0.1477441
-0.02571905
0.974043
#148
14.81876
-0.1695598
-0.1477441
-0.02571905
0.974043
#149
14.92989
-0.1673113
-0.1356822
-0.02325352
0.9762462
#150
15.01384
-0.1595272
-0.186794
-0.03075609
0.9688721
#151
15.10247
-0.1332324
-0.1964577
-0.02695502
0.9710442
#152
15.20599
-0.09735136
0.1331231
0.0131408
0.9862192
#153
15.31032
-0.09693366
0.3135863
0.03219857
0.9440502
#154
15.42294
-0.1417249
0.3153733
0.04769573
0.937112
#155
15.5006
-0.2456578
0.1950649
0.05053801
0.9481813
#156
15.6114
-0.2837639
-0.05456379
-0.01617548
0.9572039
#157
15.71022
-0.2816178
-0.1690651
-0.05048084
0.9431649
#158
15.80579
-0.2576433
-0.2783678
-0.07778713
0.9219981
#159
15.91399
-0.2066827
-0.415661
-0.09758808
0.8803322
#160
16.02568
-0.1483333
-0.5685772
-0.105123
0.8022883
#161
16.1024
-0.1310118
-0.6544402
-0.1165735
0.7354962
#162
16.21811
-0.09545063
-0.819773
-0.1432576
0.5462039
#163
16.32634
-0.07444713
-0.8817938
-0.1487485
0.4413289
#164
16.4141
-0.07444713
-0.8817938
-0.1487485
0.4413289
#165
16.50232
-0.07386892
-0.8812158
-0.1468721
0.4432051
#166
16.61571
-0.05706251
-0.938881
-0.1908042
0.2807848
#167
16.72242
-0.04919361
-0.9488468
-0.1870164
0.2495888
#168
16.80417
-0.03475932
-0.9649369
-0.1712299
0.1958802
#169
16.9132
0.00448007
-0.9950196
-0.08442866
-0.05279911
#170
17.01788
0.01253484
-0.9780645
-0.06174884
-0.1985443
#171
17.11789
0.02140653
-0.9508615
-0.06753311
-0.3014024
#172
17.22161
0.04647687
-0.9195055
-0.1145305
-0.3731385
#173
17.31416
0.03761668
-0.9352605
-0.1046997
-0.336022
#174
17.42175
0.0263372
-0.9538477
-0.08785617
-0.2859409
#175
17.50767
0.0193888
-0.9683337
-0.07961154
-0.2358305
#176
17.61434
0.0198352
-0.9689864
-0.08285851
-0.2319622
#177
17.76281
0.02024215
-0.9712312
-0.08945731
-0.2197675
#178
17.80746
0.02122704
-0.9705841
-0.09324294
-0.2209564
#179
17.9238
0.02383645
-0.9681409
-0.1013286
-0.2277445
#180
18.01883
0.02448623
-0.9674911
-0.1031815
-0.2295975
#181
18.11867
0.02642692
-0.9661191
-0.1100754
-0.2319461
#182
18.21385
0.0274893
-0.9656046
-0.1145005
-0.2318226
