#0
0
0
0
0
1
#1
0.3733333
0
0
0
1
#2
0.4202688
0
0
0
1
#3
0.4529321
0
0
0
1
#4
0.4710372
0
0
0
1
#5
0.5131222
0
0
0
1
#6
0.6011816
0.001963116
-0.01963366
3.855065E-05
0.9998053
#7
0.7180683
-0.04387006
-0.2868502
-0.01315122
0.95688
#8
0.8214993
-0.07256512
-0.3790912
-0.02983513
0.9220272
#9
0.9018461
-0.07895882
-0.4312088
-0.03791548
0.8979905
#10
1.017964
-0.08655686
-0.516477
-0.05257567
0.8502912
#11
1.108786
-0.06529156
-0.6976589
-0.06410585
0.7105628
#12
1.220908
-0.06139423
-0.7053509
-0.06155516
0.7035068
#13
1.305733
-0.06139423
-0.7053509
-0.06155516
0.7035068
#14
1.414586
-0.06139423
-0.7053509
-0.06155516
0.7035068
#15
1.508065
-0.04616313
-0.6845952
-0.04352095
0.7261573
#16
1.608107
-0.04163839
-0.7408339
-0.04612255
0.6688079
#17
1.705984
-0.02254048
-0.931504
-0.05860528
0.3582705
#18
1.802347
-0.01157154
-0.9374422
-0.03130292
0.3465379
#19
1.907815
-0.01653041
-0.94041
-0.04619939
0.3364841
#20
2.010681
-0.01653041
-0.94041
-0.04619939
0.3364841
#21
2.109735
-0.01709669
-0.9409762
-0.04807945
0.334604
#22
2.200559
-0.01774086
-0.9423701
-0.05062456
0.330244
#23
2.303154
-0.01838926
-0.9422688
-0.0524748
0.3302085
#24
2.404423
-0.02767395
-0.9404191
-0.0789692
0.3295603
#25
2.509299
-0.02918421
-0.939236
-0.08258548
0.331909
#26
2.600899
-0.02918421
-0.939236
-0.08258548
0.331909
#27
2.717192
-0.02918421
-0.939236
-0.08258548
0.331909
#28
2.801827
-0.02918421
-0.939236
-0.08258548
0.331909
#29
2.905331
-0.02918421
-0.939236
-0.08258548
0.331909
#30
3.009526
-0.02918421
-0.939236
-0.08258548
0.331909
#31
3.103721
-0.02918421
-0.939236
-0.08258548
0.331909
#32
3.209022
-0.02918421
-0.939236
-0.08258548
0.331909
#33
3.309994
-0.02918421
-0.939236
-0.08258548
0.331909
#34
3.405437
-0.02918421
-0.939236
-0.08258548
0.331909
#35
3.501768
-0.02918421
-0.939236
-0.08258548
0.331909
#36
3.613834
-0.02918421
-0.939236
-0.08258548
0.331909
#37
3.707241
-0.02918421
-0.939236
-0.08258548
0.331909
#38
3.807148
-0.02918421
-0.939236
-0.08258548
0.331909
#39
3.904659
-0.02918421
-0.939236
-0.08258548
0.331909
#40
4.01695
-0.02918421
-0.939236
-0.08258548
0.331909
#41
4.100965
-0.02918421
-0.939236
-0.08258548
0.331909
#42
4.209023
-0.0289138
-0.9403172
-0.08268054
0.3288337
#43
4.311691
-0.01103545
-0.9844648
-0.06711408
0.1618738
#44
4.421185
-0.002311039
-0.9972358
-0.0653623
0.03525964
#45
4.501159
0.001572892
-0.9973778
-0.06865026
-0.02285159
#46
4.601391
0.004890928
-0.994636
-0.08680074
-0.05604437
#47
4.718219
0.004890928
-0.994636
-0.08680074
-0.05604437
#48
4.801813
0.004890928
-0.994636
-0.08680074
-0.05604437
#49
4.917747
0.01878678
-0.9247253
-0.04603557
-0.3773737
#50
5.004613
0.02254226
-0.8839498
-0.04284577
-0.4650688
#51
5.116893
0.07511
-0.8936356
-0.1632069
-0.4112631
#52
5.205246
0.07676467
-0.9193343
-0.2251723
-0.3134151
#53
5.302805
0.05629573
-0.9418919
-0.2021391
-0.2623169
#54
5.418816
0.005812119
-0.8317872
-0.008710778
-0.5549958
#55
5.522267
0.04713977
-0.8075454
-0.06515088
-0.5842976
#56
5.628276
0.0692819
-0.8172246
-0.1005235
-0.5632399
#57
5.713511
0.0692819
-0.8172246
-0.1005235
-0.5632399
#58
5.826851
0.07271323
-0.7853515
-0.09399507
-0.6075366
#59
5.925778
0.06177544
-0.5685616
-0.0428751
-0.8191968
#60
6.006192
0.04826952
-0.5288754
-0.03014747
-0.8467893
#61
6.109635
0.03125007
-0.4957052
-0.01785182
-0.8677448
#62
6.214653
0.03125007
-0.4957052
-0.01785182
-0.8677448
#63
6.31714
0.03189417
-0.4629952
-0.01667384
-0.8856298
#64
6.40897
0.08343495
-0.1892643
-0.01614249
-0.9782418
#65
6.517715
0.1304248
-0.1736074
-0.02320272
-0.9758645
#66
6.602574
0.1304248
-0.1736074
-0.02320272
-0.9758645
#67
6.707618
0.13044
-0.1729687
-0.02311735
-0.9759779
#68
6.813843
0.08607057
0.2978227
0.02697296
-0.9503505
#69
6.906664
0.08607057
0.2978227
0.02697296
-0.9503505
#70
7.01407
0.08607057
0.2978227
0.02697296
-0.9503505
#71
7.112864
0.1282675
0.2477554
0.03311264
-0.9597231
#72
7.210835
0.216592
0.08931198
0.01990223
-0.9719646
#73
7.307023
0.2349727
0.05531288
0.01339437
-0.9703345
#74
7.406214
0.2407447
0.05079334
0.01261713
-0.9691764
#75
7.509496
0.2407447
0.05079334
0.01261713
-0.9691764
#76
7.60515
0.2495799
0.05320668
0.01373542
-0.9667938
#77
7.707014
0.257137
0.05499179
0.01465788
-0.9646977
#78
7.817848
0.2735152
0.05473441
0.01559151
-0.9601825
#79
7.906825
0.2816749
0.05459977
0.01605665
-0.9578207
#80
8.020387
0.2960828
0.0531036
0.01648911
-0.9535424
#81
8.109909
0.2992017
0.05304935
0.0166628
-0.9525684
#82
8.214188
0.306685
0.05229475
0.01687815
-0.9502236
#83
8.318348
0.3147587
0.05214925
0.01732248
-0.9475797
#84
8.417514
0.3147587
0.05214925
0.01732248
-0.9475797
#85
8.50051
0.3147587
0.05214925
0.01732248
-0.9475797
#86
8.608904
0.3147587
0.05214925
0.01732248
-0.9475797
#87
8.705233
0.3147587
0.05214925
0.01732248
-0.9475797
#88
8.805857
0.3147587
0.05214925
0.01732248
-0.9475797
#89
8.912739
0.3147587
0.05214925
0.01732248
-0.9475797
#90
9.023911
0.2394649
0.2139432
0.05418563
-0.9454887
#91
9.125643
0.1628624
0.335437
0.05899569
-0.9260008
#92
9.207657
0.09561505
0.4588669
0.04974762
-0.8819433
#93
9.302115
0.07166593
0.5453707
0.04687463
-0.8338091
#94
9.405861
0.05796474
0.751053
0.06653427
-0.6543185
#95
9.521106
0.0545002
0.8059092
0.07511664
-0.5847201
#96
9.613735
0.0545002
0.8059092
0.07511664
-0.5847201
#97
9.718077
0.05316699
0.7949975
0.07042722
-0.6001603
#98
9.80913
0.04287644
0.8666326
0.07563005
-0.4913142
#99
9.909598
0.02717538
0.9145895
0.06235049
-0.3986226
#100
10.0206
0.02717538
0.9145895
0.06235049
-0.3986226
#101
10.12097
0.02717538
0.9145895
0.06235049
-0.3986226
#102
10.2095
0.06058048
0.9393981
0.235307
-0.2418508
#103
10.30507
0.05843253
0.9406627
0.2566746
-0.2141439
#104
10.4087
0.05868363
0.9402968
0.2585596
-0.2134132
#105
10.513
0.05893204
0.9399267
0.260444
-0.2126822
#106
10.61505
0.06202854
0.9361195
0.2732973
-0.2124651
#107
10.71785
0.06248632
0.9356217
0.2744816
-0.2129963
#108
10.80278
0.06423232
0.9338353
0.2779449
-0.2158069
#109
10.91396
0.06625202
0.9309657
0.2884047
-0.2138605
#110
11.00142
0.06327121
0.9299503
0.3075517
-0.1913144
#111
11.10703
0.06427205
0.9283272
0.3124167
-0.1909805
#112
11.20469
0.06635672
0.9280965
0.3062649
-0.2010855
#113
11.30978
0.07321827
0.9241439
0.2989358
-0.2263503
#114
11.41248
0.07357103
0.9244966
0.2937118
-0.2315745
#115
11.50363
0.07345931
0.9247284
0.2924533
-0.2322761
#116
11.6169
0.07345931
0.9247284
0.2924533
-0.2322761
#117
11.71416
0.07403344
0.9242705
0.2923085
-0.2340915
#118
11.82487
0.07514481
0.9233082
0.292669
-0.2370658
#119
11.90717
0.0768507
0.9215286
0.2960923
-0.2391825
#120
12.01021
0.07798559
0.9202022
0.2996579
-0.2394814
#121
12.10375
0.07798559
0.9202022
0.2996579
-0.2394814
#122
12.20512
0.078299
0.9198092
0.3008622
-0.2393791
#123
12.31027
0.078299
0.9198092
0.3008622
-0.2393791
#124
12.41397
0.06178477
0.9339601
0.2906728
-0.1985205
#125
12.51849
0.03364109
0.9560104
0.2649007
-0.1214086
#126
12.62201
-0.004839265
0.9709344
0.2384845
0.01970195
#127
12.70548
-0.02689854
0.9686633
0.2151911
0.1210814
#128
12.80576
-0.03955608
0.960402
0.1995454
0.1903814
#129
12.90115
-0.04339076
0.9561362
0.1888867
0.2196422
#130
13.00242
-0.04521472
0.9547234
0.2022798
0.2134051
#131
13.12255
-0.05606645
0.9434804
0.2154362
0.2455372
#132
13.20218
-0.07528128
0.9063878
0.18276
0.3733533
#133
13.30921
-0.07856113
0.874696
0.1514794
0.4536399
#134
13.4014
-0.07796563
0.8764707
0.1517868
0.4502012
#135
13.52645
-0.07796563
0.8764707
0.1517868
0.4502012
#136
13.63395
-0.1013816
0.8689674
0.1996189
0.4413274
#137
13.70611
-0.108891
0.8671687
0.2172146
0.4347172
#138
13.80347
-0.1188185
0.8637136
0.240544
0.4266376
#139
13.92315
-0.1262219
0.8583197
0.2530243
0.4281752
#140
14.00574
-0.1291359
0.8558608
0.2571778
0.4297509
#141
14.11685
-0.1294726
0.8552973
0.2570085
0.4308711
#142
14.21478
-0.1320691
0.853376
0.2613105
0.4313051
#143
14.30271
-0.1514593
0.8398138
0.2967754
0.4285991
#144
14.40006
-0.1514593
0.8398138
0.2967754
0.4285991
#145
14.51744
-0.1514593
0.8398138
0.2967754
0.4285991
#146
14.6054
-0.1514593
0.8398138
0.2967754
0.4285991
#147
14.70976
-0.1514593
0.8398138
0.2967754
0.4285991
#148
14.81186
-0.1514593
0.8398138
0.2967754
0.4285991
#149
14.90208
-0.1516536
0.8395331
0.2966762
0.4291488
#150
15.00936
-0.1519344
0.8393388
0.2972256
0.4290494
#151
15.10544
-0.1547393
0.8373755
0.3027126
0.4280458
#152
15.22106
-0.1573493
0.8308457
0.2929946
0.446196
#153
15.32616
-0.1438805
0.7521217
0.1748514
0.618901
#154
15.41766
-0.1087302
0.6166436
0.0865265
0.7748817
#155
15.52568
-0.1026197
0.4664803
0.05459255
0.8768609
#156
15.61293
-0.1026197
0.4664803
0.05459255
0.8768609
#157
15.70098
-0.1031216
0.4675921
0.05503292
0.876182
#158
15.80324
-0.1056201
0.3384285
0.03825996
0.9342627
#159
15.91422
-0.1113068
0.1342112
0.01517282
0.9845648
#160
16.03037
-0.1122785
0.03186153
0.003602003
0.9931593
#161
16.11452
-0.1148396
-0.04094884
-0.004737948
0.9925284
#162
16.20596
-0.1249049
-0.1294866
-0.01644409
0.9835455
#163
16.30715
-0.1326903
-0.2794214
-0.03902153
0.9501549
#164
16.40088
-0.1383394
-0.362228
-0.05445859
0.9201561
#165
16.50543
-0.1358994
-0.4261847
-0.06493003
0.8920102
#166
16.6143
-0.1147838
-0.4798642
-0.06349494
0.8674811
#167
16.7095
-0.1147838
-0.4798642
-0.06349494
0.8674811
#168
16.81315
-0.1121447
-0.4607173
-0.05881498
0.8784668
#169
16.90556
-0.1045948
-0.5591692
-0.07138331
0.8193255
#170
17.00795
-0.07823026
-0.6489443
-0.06734815
0.7538007
#171
17.10396
-0.07082619
-0.6495742
-0.06097401
0.7545325
#172
17.21441
-0.07056962
-0.6466452
-0.06027214
0.7571243
#173
17.30486
-0.08137262
-0.646699
-0.06968312
0.7551842
#174
17.42189
-0.1125674
-0.6703123
-0.1039197
0.7260928
#175
17.51747
-0.1188916
-0.6744618
-0.1113542
0.7201154
#176
17.60406
-0.1188916
-0.6744618
-0.1113542
0.7201154
#177
17.70572
-0.1492909
-0.6829053
-0.1456234
0.7001045
#178
17.80507
-0.1691218
-0.6916203
-0.1717995
0.6808407
#179
17.90162
-0.1691218
-0.6916203
-0.1717995
0.6808407
#180
18.01094
-0.166513
-0.6850997
-0.1654268
0.6895983
#181
18.12584
-0.1651824
-0.6798462
-0.1613355
0.6960567
#182
18.22498
-0.1648321
-0.6794956
-0.1607826
0.6966097
#183
18.32562
-0.1648321
-0.6794956
-0.1607826
0.6966097
#184
18.40567
-0.1648321
-0.6794956
-0.1607826
0.6966097
#185
18.51823
-0.1648321
-0.6794956
-0.1607826
0.6966097
#186
18.61197
-0.1726827
-0.6772097
-0.1682199
0.6951761
#187
18.71753
-0.1897228
-0.6766296
-0.1870104
0.6864436
#188
18.83038
-0.207918
-0.6758477
-0.207918
0.6758477
#189
18.90926
-0.2231494
-0.6783057
-0.2287695
0.661642
#190
19.01818
-0.2480992
-0.6691349
-0.2543477
0.6526964
#191
19.10206
-0.2578002
-0.6663297
-0.2653334
0.6474118
#192
19.21855
-0.2762035
-0.6631156
-0.2895359
0.6325808
#193
19.32864
-0.2795119
-0.6615905
-0.293004
0.6311259
#194
19.4082
-0.2819882
-0.6604347
-0.2955998
0.6300234
#195
19.50146
-0.2998143
-0.6502259
-0.3122341
0.6243617
#196
19.60075
-0.2998143
-0.6502259
-0.3122341
0.6243617
#197
19.70113
-0.2998143
-0.6502259
-0.3122341
0.6243617
#198
19.80958
-0.300223
-0.6500214
-0.3126597
0.6241654
#199
19.91537
-0.3073454
-0.6466991
-0.320497
0.620162
