#0
0
0
0
0
1
#1
0.3733333
0.329478
0.5675877
-0.2646705
0.7065678
#2
0.5784101
0.329478
0.5675877
-0.2646705
0.7065678
#3
0.7252547
0.2812892
0.557975
-0.2086183
0.7523422
#4
0.7794878
0.2812892
0.557975
-0.2086183
0.7523422
#5
0.8901669
0.2812892
0.557975
-0.2086183
0.7523422
#6
0.9432825
0.2770659
0.5550093
-0.2029673
0.7576302
#7
1.089318
0.09552184
0.3247222
-0.03298407
0.9403952
#8
1.21871
-0.0457355
0.4270076
0.02163128
0.9028317
#9
1.343145
-0.06880723
0.4409851
0.03393197
0.8942294
#10
1.398094
-0.1160243
0.480901
0.06437949
0.8666764
#11
1.523821
-0.2148737
0.237561
0.05397255
0.9457701
#12
1.601216
-0.2166655
0.1902705
0.04309745
0.9565541
#13
1.766002
-0.1908779
0.110244
0.02157907
0.9751648
#14
1.90684
-0.1946363
0.01604874
0.003185014
0.9807391
#15
2.028415
-0.1208931
-0.1808528
-0.02240622
0.9757946
#16
2.225764
-0.1322927
-0.5394279
-0.08628164
0.8270863
#17
2.382908
-0.1127996
-0.7890329
-0.1523009
0.5843866
#18
2.509782
-0.1206028
-0.7728665
-0.154434
0.6035581
#19
2.561477
-0.1206028
-0.7728665
-0.154434
0.6035581
#20
2.741923
-0.07414219
-0.8736958
-0.1409211
0.4596737
#21
2.919286
0.01413334
-0.9831491
-0.08666284
-0.1603361
#22
3.087189
0.04991993
-0.9118811
-0.1166125
-0.3903617
#23
3.202969
0.05916397
-0.8987838
-0.1281159
-0.4150586
#24
3.261651
0.05313482
-0.9177387
-0.1314308
-0.3710233
#25
3.449672
0.03858317
-0.9228588
-0.09597868
-0.3709867
#26
3.605506
0.0726824
-0.4857868
-0.04057921
-0.8701045
#27
3.720889
0.07312892
-0.2744206
-0.02093485
-0.9585965
#28
3.757053
0.07200718
-0.2681674
-0.02010478
-0.9604671
#29
3.828964
0.06991228
-0.278251
-0.02031142
-0.9577453
#30
3.957813
0.06928544
-0.2782643
-0.0201293
-0.9577909
#31
3.995404
0.06800571
-0.2795439
-0.01985407
-0.9575157
#32
4.121331
0.08549219
0.1937084
0.01694729
-0.9771801
#33
4.198135
0.08269452
0.4026873
0.03655884
-0.9108611
#34
4.340744
0.08237971
0.6940793
0.08046119
-0.710629
#35
4.386268
0.08261245
0.7554635
0.09711218
-0.6426659
#36
4.508008
0.07611816
0.8351057
0.1195968
-0.5315085
#37
4.585512
0.04097464
0.9476509
0.1357146
-0.2861126
#38
4.697392
0.03672782
0.9549153
0.1335673
-0.2625788
#39
4.751004
0.03957737
0.94845
0.1313974
-0.2856765
#40
4.88492
0.06317882
0.8544026
0.1069894
-0.5045373
#41
4.988205
0.06681328
0.846288
0.1093505
-0.5170832
#42
5.12512
0.08775694
0.7816303
0.1129828
-0.6071143
#43
5.195264
0.08805241
0.7800382
0.1127527
-0.6091585
#44
5.316724
0.08797857
0.7804369
0.1128103
-0.6086476
#45
5.382636
0.0879047
0.7808352
0.1128679
-0.6081365
#46
5.497079
0.0879047
0.7808352
0.1128679
-0.6081365
#47
5.555669
0.08775689
0.7816305
0.1129828
-0.607114
#48
5.666678
0.08879882
0.7822009
0.1146337
-0.6059172
#49
5.716845
0.09395098
0.7811973
0.1212848
-0.6051397
#50
5.837049
0.1023796
0.7771653
0.1310989
-0.6069149
#51
5.885302
0.1053353
0.7757621
0.1345204
-0.6074553
#52
5.982403
0.1078999
0.7744326
0.1374246
-0.6080512
#53
6.016224
0.1087864
0.7738539
0.138367
-0.6084163
#54
6.079607
0.1105625
0.7726923
0.1402479
-0.6091412
#55
6.183251
0.1134462
0.771643
0.1437122
-0.6091337
#56
6.258107
0.1138448
0.7715488
0.1442173
-0.6090593
#57
6.380703
0.1138448
0.7715488
0.1442173
-0.6090593
#58
6.487001
0.1142435
0.7714543
0.1447222
-0.6089846
#59
6.608654
0.06137426
0.9243293
0.1683958
-0.3368851
#60
6.720634
0.02221291
0.977749
0.1518004
-0.1430737
#61
6.824903
-0.007091057
0.99205
0.1071142
0.06567458
#62
6.885731
-0.006292594
0.9927934
0.103252
0.06050484
#63
6.993206
-0.006292594
0.9927934
0.103252
0.06050484
#64
7.028554
-0.006292594
0.9927934
0.103252
0.06050484
#65
7.093405
-0.006292594
0.9927934
0.103252
0.06050484
#66
7.215634
-0.03058532
0.9566206
0.1089932
0.2684438
#67
7.272562
-0.04886899
0.8962226
0.1021117
0.4289175
#68
7.402426
-0.06509249
0.8128904
0.09261719
0.5713093
#69
7.445908
-0.0682063
0.7929796
0.09034864
0.5986388
#70
7.567467
-0.07497376
0.7444284
0.08481693
0.6580361
#71
7.641365
-0.0799887
0.7182528
0.08373996
0.6860776
#72
7.757996
-0.08054787
0.7172992
0.08410466
0.6869645
#73
7.793775
-0.08054787
0.7172992
0.08410466
0.6869645
#74
7.896925
-0.08054787
0.7172992
0.08410466
0.6869645
#75
7.934139
-0.08054787
0.7172992
0.08410466
0.6869645
#76
8.00253
-0.08353674
0.6998857
0.08299179
0.7044814
#77
8.117869
-0.08488346
0.6882653
0.08161385
0.7158386
#78
8.174481
-0.08321017
0.702647
0.08331922
0.7017273
#79
8.288767
-0.06921409
0.8033886
0.09526507
0.5836957
#80
8.317104
-0.06020686
0.8534274
0.1011986
0.507736
#81
8.384869
-0.03085395
0.9634143
0.1270498
0.2339645
#82
8.502228
-0.0352584
0.9552511
0.1272456
0.2646898
#83
8.546105
-0.036589
0.9524269
0.1268694
0.2746788
#84
8.678593
-0.1378976
0.2102655
0.02997201
0.967406
#85
8.737875
-0.1409473
0.04857662
0.00692429
0.9888005
#86
8.838141
-0.1328853
-0.1267767
-0.01714089
0.9828405
#87
8.878137
-0.1336491
-0.1196866
-0.01626205
0.9836405
#88
8.973125
-0.134407
-0.112592
-0.01537315
0.9843889
#89
9.007725
-0.134407
-0.112592
-0.01537315
0.9843889
#90
9.07185
-0.142166
-0.05827071
-0.008383962
0.9880906
#91
9.172019
-0.1459536
-0.06792951
-0.0100461
0.9869054
#92
9.224319
-0.1470348
-0.0859862
-0.01283155
0.9853033
#93
9.341876
-0.1515023
-0.1794238
-0.02797672
0.9716334
#94
9.501801
-0.151877
-0.2079161
-0.03269823
0.9657304
#95
9.572056
-0.1529883
-0.2122949
-0.03367169
0.9645682
#96
9.677857
-0.1563576
-0.2235022
-0.03634961
0.9613937
#97
9.732911
-0.1579512
-0.2309718
-0.03803008
0.9593003
#98
9.830338
-0.1601276
-0.2390214
-0.03999846
0.9568846
#99
9.90787
-0.1612739
-0.2414724
-0.04073363
0.9560453
#100
10.00623
-0.1612472
-0.2420983
-0.04083921
0.955887
#101
10.17295
-0.1718441
-0.2422535
-0.04364285
0.9538754
#102
10.24125
-0.1737167
-0.2421673
-0.04411842
0.9535361
#103
10.36429
-0.1819138
-0.2399137
-0.04582025
0.9524963
#104
10.40818
-0.1868985
-0.2396705
-0.04707579
0.9515308
#105
10.51322
-0.1875213
-0.2396397
-0.04723265
0.9514083
#106
10.68669
-0.1875213
-0.2396397
-0.04723265
0.9514083
#107
10.78236
-0.1875213
-0.2396397
-0.04723265
0.9514083
#108
10.8842
-0.1867014
-0.2669003
-0.05278718
0.9439917
#109
10.98913
-0.16762
-0.3303005
-0.05972807
0.9269508
#110
11.1059
-0.1603328
-0.3404233
-0.05903081
0.9246193
#111
11.15646
-0.1552633
-0.3443591
-0.05785768
0.924101
#112
11.26684
-0.1424072
-0.3577824
-0.05530772
0.9212237
#113
11.32408
-0.1390705
-0.3633843
-0.05495672
0.9195603
#114
11.42975
-0.1341109
-0.3762449
-0.05513972
0.9151031
#115
11.51972
-0.1292787
-0.3872549
-0.05494216
0.9112091
#116
11.63847
-0.09721283
-0.7489805
-0.1127713
0.6456475
#117
11.79027
-0.09959561
-0.7538415
-0.117543
0.638739
#118
11.86831
-0.09959561
-0.7538415
-0.117543
0.638739
#119
12.05389
-0.09773508
-0.8161651
-0.1448301
0.5507692
#120
12.15613
-0.09027924
-0.8709826
-0.1746324
0.4502695
#121
12.22648
-0.09057394
-0.8708681
-0.1752025
0.4502103
#122
12.34201
-0.09571347
-0.8660876
-0.1819214
0.4556707
#123
12.42897
-0.1146566
-0.8466051
-0.2028613
0.4784987
#124
12.5231
-0.1164454
-0.8448164
-0.2047729
0.4804102
#125
12.54772
-0.1164454
-0.8448164
-0.2047729
0.4804102
#126
12.69423
-0.1164454
-0.8448164
-0.2047729
0.4804102
#127
12.73588
-0.1164454
-0.8448164
-0.2047729
0.4804102
#128
12.88203
-0.1164454
-0.8448164
-0.2047729
0.4804102
#129
12.91153
-0.1164454
-0.8448164
-0.2047729
0.4804102
#130
13.06223
-0.1164454
-0.8448164
-0.2047729
0.4804102
#131
13.10316
-0.1164454
-0.8448164
-0.2047729
0.4804102
#132
13.25823
-0.1164454
-0.8448164
-0.2047729
0.4804102
#133
13.33948
-0.1164454
-0.8448164
-0.2047729
0.4804102
#134
13.44626
-0.1164454
-0.8448164
-0.2047729
0.4804102
#135
13.51756
-0.1164454
-0.8448164
-0.2047729
0.4804102
#136
13.62851
-0.1164454
-0.8448164
-0.2047729
0.4804102
#137
13.77368
-0.1164454
-0.8448164
-0.2047729
0.4804102
#138
13.8505
-0.1164454
-0.8448164
-0.2047729
0.4804102
#139
13.96214
-0.1164454
-0.8448164
-0.2047729
0.4804102
#140
14.00278
-0.1164454
-0.8448164
-0.2047729
0.4804102
#141
14.14242
-0.1164454
-0.8448164
-0.2047729
0.4804102
#142
14.22328
-0.1164454
-0.8448164
-0.2047729
0.4804102
#143
14.32243
-0.1164454
-0.8448164
-0.2047729
0.4804102
#144
14.40161
-0.1164454
-0.8448164
-0.2047729
0.4804102
#145
14.51104
-0.1164454
-0.8448164
-0.2047729
0.4804102
#146
14.65856
-0.1164454
-0.8448164
-0.2047729
0.4804102
#147
14.70207
-0.1164454
-0.8448164
-0.2047729
0.4804102
#148
14.8546
-0.1164454
-0.8448164
-0.2047729
0.4804102
#149
14.90932
-0.1164454
-0.8448164
-0.2047729
0.4804102
#150
15.00644
-0.1164454
-0.8448164
-0.2047729
0.4804102
#151
15.19829
-0.1164454
-0.8448164
-0.2047729
0.4804102
#152
15.2473
-0.1164454
-0.8448164
-0.2047729
0.4804102
#153
15.36665
-0.1164454
-0.8448164
-0.2047729
0.4804102
#154
15.4146
-0.1164454
-0.8448164
-0.2047729
0.4804102
#155
15.50362
-0.1164454
-0.8448164
-0.2047729
0.4804102
#156
15.68956
-0.1164454
-0.8448164
-0.2047729
0.4804102
#157
15.75427
-0.1164454
-0.8448164
-0.2047729
0.4804102
#158
15.84715
-0.1164454
-0.8448164
-0.2047729
0.4804102
#159
15.9001
-0.1164454
-0.8448164
-0.2047729
0.4804102
#160
16.07472
-0.1164454
-0.8448164
-0.2047729
0.4804102
#161
16.13495
-0.1164454
-0.8448164
-0.2047729
0.4804102
#162
16.25039
-0.1164454
-0.8448164
-0.2047729
0.4804102
#163
16.44637
-0.1164454
-0.8448164
-0.2047729
0.4804102
#164
16.57175
-0.1164454
-0.8448164
-0.2047729
0.4804102
#165
16.61579
-0.1164454
-0.8448164
-0.2047729
0.4804102
#166
16.77177
-0.1164454
-0.8448164
-0.2047729
0.4804102
#167
16.88771
-0.1164454
-0.8448164
-0.2047729
0.4804102
#168
16.94547
-0.1164454
-0.8448164
-0.2047729
0.4804102
#169
17.05312
-0.08283393
-0.9097918
-0.2205221
0.3417419
#170
17.10316
-0.03771677
-0.9602548
-0.2247838
0.1611224
#171
17.20337
-0.03771677
-0.9602548
-0.2247838
0.1611224
#172
17.24927
-0.03771677
-0.9602548
-0.2247838
0.1611224
#173
17.38691
-0.03419429
-0.960969
-0.2369261
0.1386916
#174
17.47072
-0.0320358
-0.961973
-0.2385098
0.1292088
#175
17.58045
-0.02522135
-0.9651376
-0.239965
0.1014401
#176
17.70863
-0.009605405
-0.9698381
-0.2404598
0.03874114
#177
17.81561
-0.002042231
-0.9707338
-0.2400076
0.00826
#178
17.85725
0.002058263
-0.9702606
-0.2419132
-0.008255241
#179
17.90108
0.003342375
-0.9698866
-0.2431688
-0.01333117
#180
18.02434
0.01652634
-0.9648502
-0.2546993
-0.06260499
#181
18.19983
0.01878555
-0.9639485
-0.2558115
-0.0707877
#182
18.2629
0.02110163
-0.9623514
-0.2594371
-0.07827401
#183
18.37762
0.02144132
-0.9622481
-0.2594093
-0.07953405
#184
18.4249
0.02149337
-0.9620782
-0.2600391
-0.07951999
#185
18.52929
0.02245243
-0.9614716
-0.2612261
-0.08263867
#186
18.70158
0.02445051
-0.959121
-0.268017
-0.08749817
#187
18.7511
0.02491759
-0.958654
-0.2692399
-0.08872141
#188
18.85
0.02497565
-0.9584776
-0.2698673
-0.08870509
#189
18.9089
0.02526911
-0.9580653
-0.2711052
-0.08929912
#190
19.02827
0.0264592
-0.9563959
-0.2760496
-0.09167004
#191
19.16327
0.0264592
-0.9563959
-0.2760496
-0.09167004
#192
19.24325
0.0264592
-0.9563959
-0.2760496
-0.09167004
#193
19.35878
0.0264592
-0.9563959
-0.2760496
-0.09167004
#194
19.47055
0.03591833
-0.9525427
-0.2756129
-0.124137
#195
19.59728
0.05841861
-0.9383779
-0.2775149
-0.1975344
#196
19.71421
0.06086947
-0.9367552
-0.2757021
-0.2068167
#197
19.83483
0.0630441
-0.935433
-0.2719898
-0.2168226
#198
19.87472
0.06329178
-0.9353606
-0.2706413
-0.2187421
#199
19.97087
0.06365473
-0.935403
-0.2666772
-0.2232768
#200
20.00077
0.06365473
-0.935403
-0.2666772
-0.2232768
#201
20.15054
0.06331781
-0.9360265
-0.262224
-0.2260172
#202
20.21042
0.0632148
-0.9362427
-0.2603031
-0.2273672
#203
20.3174
0.06338532
-0.9360935
-0.2602617
-0.2279805
#204
20.4046
0.06432564
-0.93511
-0.2626275
-0.2290375
#205
20.55111
0.06494849
-0.9344425
-0.2644206
-0.2295231
#206
20.60521
0.06494849
-0.9344425
-0.2644206
-0.2295231
#207
20.73477
0.06494849
-0.9344425
-0.2644206
-0.2295231
#208
20.83171
0.06494849
-0.9344425
-0.2644206
-0.2295231
#209
21.03626
0.06494849
-0.9344425
-0.2644206
-0.2295231
#210
21.13404
0.06494849
-0.9344425
-0.2644206
-0.2295231
#211
21.25791
0.06494849
-0.9344425
-0.2644206
-0.2295231
#212
21.3511
0.06494849
-0.9344425
-0.2644206
-0.2295231
#213
21.38832
0.06494849
-0.9344425
-0.2644206
-0.2295231
#214
21.43584
0.06494849
-0.9344425
-0.2644206
-0.2295231
#215
21.55048
0.06494849
-0.9344425
-0.2644206
-0.2295231
#216
21.69906
0.06494849
-0.9344425
-0.2644206
-0.2295231
#217
21.74199
0.06494849
-0.9344425
-0.2644206
-0.2295231
#218
21.84113
0.06494849
-0.9344425
-0.2644206
-0.2295231
#219
21.98634
0.06494849
-0.9344425
-0.2644206
-0.2295231
#220
22.02943
0.06494849
-0.9344425
-0.2644206
-0.2295231
#221
22.18788
0.07006676
-0.9296954
-0.2663664
-0.2445532
#222
22.23635
0.1115452
-0.8794086
-0.2532049
-0.3874088
#223
22.3599
0.1675727
-0.7646716
-0.220169
-0.5819985
#224
22.4386
0.1978019
-0.6334242
-0.1720976
-0.728032
#225
22.54015
0.1961294
-0.5652663
-0.1405438
-0.7888312
#226
22.61867
0.189524
-0.4970864
-0.1122512
-0.8392767
#227
22.79387
0.1910644
-0.4936401
-0.1121523
-0.8409731
#228
22.91255
0.2077644
-0.3652742
-0.0839945
-0.9035229
#229
22.95717
0.2098919
-0.3414972
-0.07852701
-0.9127752
#230
23.05038
0.2121519
-0.3288215
-0.07606556
-0.9171053
#231
23.12261
0.2136515
-0.3101476
-0.07174575
-0.9235876
#232
23.22614
0.2136984
-0.3095432
-0.07160596
-0.9237903
#233
23.39225
0.2125963
-0.3234141
-0.07481468
-0.919026
#234
23.42043
0.2125963
-0.3234141
-0.07481468
-0.919026
#235
23.55836
0.2118478
-0.3252673
-0.07501912
-0.9185281
#236
23.63701
0.2118478
-0.3252673
-0.07501912
-0.9185281
#237
23.73618
0.2118478
-0.3252673
-0.07501912
-0.9185281
#238
23.80772
0.2118478
-0.3252673
-0.07501912
-0.9185281
#239
23.90173
0.2118969
-0.3246664
-0.07488052
-0.9187407
#240
24.07464
0.2167045
-0.3242698
-0.07657944
-0.9176186
#241
24.12226
0.2166543
-0.32487
-0.07672119
-0.9174063
#242
24.27573
0.2183539
-0.3259175
-0.07764448
-0.9165537
#243
24.32747
0.2183539
-0.3259175
-0.07764448
-0.9165537
#244
24.45575
0.2183539
-0.3259175
-0.07764448
-0.9165537
