#0
0
0
0
0
1
#1
0.3733333
-0.008498129
-0.0490659
-0.0004174863
0.9987593
#2
0.6664037
-0.02534576
-0.1174991
-0.002999868
0.992745
#3
0.8165866
-0.0292372
-0.1194352
-0.003518676
0.9924052
#4
0.8446584
-0.02988436
-0.1200824
-0.003616405
0.9923075
#5
0.916686
-0.03702468
-0.1207025
-0.004505069
0.9919878
#6
0.9648334
-0.04544521
-0.1239043
-0.005680638
0.9912367
#7
1.02001
-0.05711483
-0.1244771
-0.007177306
0.9905513
#8
1.086425
-0.0661887
-0.1244061
-0.008317569
0.9899864
#9
1.132772
-0.07983396
-0.1197478
-0.009660971
0.9895422
#10
1.161475
-0.07983396
-0.1197478
-0.009660971
0.9895422
#11
1.212068
-0.09025458
-0.1138143
-0.01038295
0.9893395
#12
1.26447
-0.09741104
-0.1105006
-0.01088336
0.989031
#13
1.307992
-0.1039121
-0.1078391
-0.01133435
0.988658
#14
1.436139
-0.1188487
-0.102487
-0.01233424
0.9875319
#15
1.51955
-0.1188406
-0.1031333
-0.01241202
0.9874646
#16
1.634051
-0.1188406
-0.1031333
-0.01241202
0.9874646
#17
1.726925
-0.1194113
-0.1089395
-0.01318313
0.986762
#18
1.800741
-0.1192855
-0.1179765
-0.01427673
0.9857224
#19
1.906703
-0.1192855
-0.1179765
-0.01427673
0.9857224
#20
2.031848
-0.1219404
-0.1127776
-0.01394726
0.9860108
#21
2.11069
-0.1319975
-0.1607915
-0.02170414
0.9778813
#22
2.256587
-0.1587555
-0.3781761
-0.06600229
0.9096281
#23
2.327736
-0.1635742
-0.4457064
-0.08321042
0.8761652
#24
2.413791
-0.1673199
-0.5806231
-0.1234153
0.7871783
#25
2.534223
-0.1381334
-0.7785784
-0.1842275
0.5837767
#26
2.663566
-0.08244006
-0.9002132
-0.1950442
0.3804965
#27
2.759741
-0.08244006
-0.9002132
-0.1950442
0.3804965
#28
2.858049
-0.08358753
-0.8979563
-0.1945552
0.3857925
#29
2.939758
-0.0634724
-0.933075
-0.2053633
0.288389
#30
3.115958
-0.001335171
-0.9826278
-0.1854474
0.007074651
#31
3.201655
0.0157601
-0.9790985
-0.1847814
-0.08350782
#32
3.241173
0.04497343
-0.9528425
-0.1765989
-0.2426549
#33
3.308652
0.05403701
-0.9281275
-0.1488696
-0.3368936
#34
3.468431
0.05793246
-0.7594641
-0.06828145
-0.6443569
#35
3.517323
0.06364938
-0.7005692
-0.06298635
-0.7079437
#36
3.614202
0.08465992
-0.5015359
-0.04939699
-0.8595664
#37
3.713334
0.08595482
-0.4782921
-0.04710767
-0.8727137
#38
3.818106
0.08408955
-0.4812376
-0.04644389
-0.8713107
#39
3.910305
0.07889853
-0.4826436
-0.04371168
-0.8711599
#40
4.030286
0.09083759
-0.2601872
-0.02459494
-0.9609611
#41
4.125831
0.1133383
-0.127737
-0.01469496
-0.9852014
#42
4.225995
0.1370039
0.01102097
0.001524386
-0.9905081
#43
4.313789
0.1413586
0.1073308
0.0154188
-0.9840021
#44
4.421842
0.1377528
0.2455348
0.03527276
-0.9589018
#45
4.5314
0.1294067
0.4102824
0.05893988
-0.9008043
#46
4.620522
0.1234246
0.4915486
0.07061433
-0.8591623
#47
4.700347
0.1226778
0.4938426
0.07061402
-0.857953
#48
4.80082
0.1226778
0.4938426
0.07061402
-0.857953
#49
4.912221
0.1226778
0.4938426
0.07061402
-0.857953
#50
5.007687
0.1248561
0.5423262
0.08189812
-0.8267926
#51
5.136641
0.1139858
0.6269651
0.09342091
-0.7649801
#52
5.228868
0.0938252
0.7605202
0.1128125
-0.6325182
#53
5.319417
0.08982538
0.8038398
0.1256983
-0.5744327
#54
5.416861
0.086642
0.816506
0.1271315
-0.5564609
#55
5.522901
0.07905747
0.8274347
0.1205253
-0.5427481
#56
5.63223
0.06820222
0.8357872
0.1066962
-0.5342511
#57
5.718647
0.06582117
0.8359171
0.1028228
-0.5351053
#58
5.816579
0.06231753
0.8365722
0.0973496
-0.5355247
#59
5.933794
0.06161648
0.8366989
0.09625445
-0.5356058
#60
6.009248
0.06126592
0.8367617
0.09570683
-0.535646
#61
6.132969
0.06126592
0.8367617
0.09570683
-0.535646
#62
6.215796
0.06231754
0.8365722
0.09734961
-0.5355247
#63
6.316246
0.06371932
0.8363144
0.09953942
-0.5353597
#64
6.401384
0.06512067
0.836051
0.1017285
-0.535191
#65
6.510787
0.07029969
0.8353617
0.1099775
-0.5339791
#66
6.647402
0.07371744
0.8349732
0.1154908
-0.532961
#67
6.825177
0.07859778
0.8338799
0.1231367
-0.5322632
#68
6.883903
0.07929445
0.833718
0.1242281
-0.5321599
#69
6.932311
0.08207974
0.8330562
0.1285917
-0.5317374
#70
7.126712
0.08242775
0.8329718
0.1291369
-0.5316836
#71
7.16348
0.08242775
0.8329718
0.1291369
-0.5316836
#72
7.206244
0.08242775
0.8329718
0.1291369
-0.5316836
#73
7.318846
0.08242775
0.8329718
0.1291369
-0.5316836
#74
7.428442
0.08242775
0.8329718
0.1291369
-0.5316836
#75
7.563786
0.08276405
0.8406138
0.1342683
-0.5181609
#76
7.610243
0.08132392
0.8662356
0.1500141
-0.4695936
#77
7.738985
-0.009250183
0.9771791
0.2077058
0.04351868
#78
7.840354
-0.02769256
0.969016
0.2092874
0.1282186
#79
7.921814
-0.02769256
0.969016
0.2092874
0.1282186
#80
8.022796
-0.02769256
0.969016
0.2092874
0.1282186
#81
8.107925
-0.04138307
0.958617
0.1991744
0.1991747
#82
8.22053
-0.04736462
0.9499499
0.1786364
0.2518748
#83
8.344368
-0.04830528
0.9422641
0.1555684
0.2925808
#84
8.42757
-0.04555794
0.9409786
0.1408401
0.304381
#85
8.602957
-0.046515
0.9336267
0.1316281
0.3299268
#86
8.6445
-0.04708908
0.9252809
0.1224317
0.3558771
#87
8.74453
-0.0470989
0.9240353
0.1210364
0.3595701
#88
8.842999
-0.04741146
0.9218194
0.1195189
0.3656726
#89
8.937449
-0.04748964
0.92158
0.1194879
0.3662756
#90
9.016293
-0.04748964
0.92158
0.1194879
0.3662756
#91
9.135563
-0.04820872
0.9213435
0.1212972
0.3661816
#92
9.228802
-0.05083077
0.9210788
0.1286296
0.3639842
#93
9.338154
-0.05241083
0.9207178
0.1328825
0.3631448
#94
9.432722
-0.05374711
0.9204262
0.1365323
0.3623337
#95
9.531503
-0.05540657
0.9197911
0.1407478
0.3620836
#96
9.622704
-0.05848531
0.9185603
0.1485686
0.3615991
#97
9.728931
-0.0620103
0.91839
0.1596654
0.3566812
#98
9.83318
-0.07386858
0.8938955
0.1602333
0.4120917
#99
9.931723
-0.126628
0.7048417
0.1301576
0.6857278
#100
10.01906
-0.1347899
0.658962
0.1216853
0.7299271
#101
10.14307
-0.1335646
0.6431695
0.1152899
0.7451186
#102
10.23024
-0.1319881
0.6472132
0.1151405
0.7419145
#103
10.31546
-0.1365443
0.6568093
0.1226219
0.731383
#104
10.43093
-0.1347646
0.6672722
0.1245753
0.72185
#105
10.52014
-0.1298612
0.6848878
0.1260094
0.7058233
#106
10.60277
-0.1281482
0.6869799
0.1250002
0.7042809
#107
10.715
-0.1158309
0.6881559
0.1126898
0.7073371
#108
10.83092
-0.1101575
0.6867678
0.1064707
0.7105486
#109
10.94241
-0.108036
0.6857157
0.1040108
0.7122527
#110
11.02612
-0.0990141
0.6846794
0.09470262
0.7158504
#111
11.10451
-0.09010474
0.6858041
0.08618121
0.7170263
#112
11.23061
-0.07417419
0.6870812
0.07085142
0.7193037
#113
11.30445
-0.07370339
0.6871274
0.07040171
0.7193521
#114
11.423
-0.07370339
0.6871274
0.07040171
0.7193521
#115
11.50823
-0.07370339
0.6871274
0.07040171
0.7193521
#116
11.62864
-0.07511568
0.6869878
0.07175074
0.719206
#117
11.71388
-0.0769983
0.6867976
0.07354902
0.7190068
#118
11.83277
-0.07982124
0.6865035
0.0762455
0.718699
#119
11.9267
-0.08400073
0.6865125
0.08034299
0.717767
#120
12.03184
-0.08811668
0.6869659
0.08450093
0.7163608
#121
12.14281
-0.09034686
0.6876224
0.08686689
0.7151692
#122
12.28562
-0.09356349
0.687685
0.09007758
0.7142977
#123
12.35143
-0.09496584
0.6875069
0.09142768
0.7141126
#124
12.44266
-0.09904553
0.6878901
0.0956056
0.7126407
#125
12.56204
-0.1041077
0.6876499
0.1006237
0.7114592
#126
12.65813
-0.1093163
0.673564
0.1017167
0.7238889
#127
12.71131
-0.1217654
0.6200649
0.09820863
0.7687963
#128
12.80151
-0.1827381
0.4187293
0.0864289
0.8853263
#129
12.94721
-0.2120031
0.1773227
0.03914917
0.9602493
#130
13.02898
-0.2097262
0.1868219
0.04086186
0.9588758
#131
13.11765
-0.2036476
0.210848
0.04496138
0.9550127
#132
13.24603
-0.140525
0.334332
0.05048836
0.9305514
#133
13.35178
-0.1139296
0.392293
0.0490365
0.9114394
#134
13.41749
-0.1138332
0.3940815
0.04926007
0.9106675
#135
13.58161
-0.1103306
0.4533757
0.05667182
0.8826472
#136
13.61972
-0.1103306
0.4533757
0.05667182
0.8826472
#137
13.70542
-0.1066789
0.5062281
0.06327835
0.8534334
#138
13.8393
-0.1032146
0.5437416
0.06760613
0.8301333
#139
13.93725
-0.09151905
0.5484235
0.06054651
0.8289693
#140
14.04158
-0.07549911
0.5709581
0.05284055
0.8157908
#141
14.10189
-0.07252753
0.5759248
0.05139991
0.8126552
#142
14.22088
-0.05820697
0.6143216
0.04551721
0.7855884
#143
14.36353
-0.05820697
0.6143216
0.04551721
0.7855884
#144
14.42578
-0.05820697
0.6143216
0.04551721
0.7855884
#145
14.54194
-0.05856212
0.6255084
0.04716944
0.7765853
#146
14.67499
-0.05907039
0.6254774
0.04757883
0.7765469
#147
14.75026
-0.06008682
0.6254146
0.04839753
0.7764689
#148
14.85864
-0.06384441
0.6221332
0.05101201
0.7786347
#149
14.93627
-0.06642684
0.6214532
0.05300417
0.7788286
#150
15.03335
-0.07108748
0.6201104
0.05657087
0.7792365
#151
15.10933
-0.07414698
0.6198834
0.05900559
0.7789513
#152
15.21322
-0.076186
0.6197268
0.06062824
0.7787545
#153
15.3058
-0.08234537
0.5998129
0.06224915
0.7934536
#154
15.40259
-0.1064093
0.4420667
0.0529089
0.8890752
#155
15.51109
-0.1319032
0.2331771
0.03194129
0.9629173
#156
15.64317
-0.1323298
0.2199204
0.03012534
0.9660312
#157
15.72785
-0.1323495
0.2192879
0.0300387
0.966175
#158
15.8104
-0.1323495
0.2192879
0.0300387
0.966175
#159
15.93365
-0.1296324
0.2445698
0.03301281
0.9603599
#160
16.01962
-0.1250929
0.2666422
0.03492658
0.9550046
#161
16.14735
-0.1153243
0.3652819
0.04566012
0.9225967
#162
16.21812
-0.1150533
0.3707099
0.04633863
0.9204291
#163
16.35124
-0.07042196
0.4073122
0.03151974
0.9100242
#164
16.40034
-0.06013246
0.4129953
0.02734061
0.9083344
#165
16.52913
-0.05896094
0.4124359
0.02676139
0.9086826
#166
16.6059
-0.0596086
0.4106337
0.02691435
0.9094517
#167
16.71564
-0.05974873
0.4058656
0.02660183
0.9115896
#168
16.80619
-0.05746183
0.4023506
0.02531375
0.9133298
#169
16.90884
-0.05626624
0.4023834
0.02478705
0.9134043
#170
17.02558
-0.05566841
0.4023995
0.02452369
0.9134409
#171
17.1424
-0.05566841
0.4023995
0.02452369
0.9134409
#172
17.20379
-0.05626624
0.4023834
0.02478705
0.9134043
#173
17.32049
-0.05985272
0.4022829
0.02636701
0.9131762
#174
17.4463
-0.06343829
0.4021763
0.02794657
0.9129342
#175
17.53261
-0.06642552
0.4020827
0.02926253
0.9127217
#176
17.60579
-0.07118303
0.4025212
0.03141404
0.9120981
