#0
0
0
0
0
1
#1
0.3733333
0
0
0
1
#2
0.3995268
0
0
0
1
#3
0.4168862
0
0
0
1
#4
0.4337005
0
0
0
1
#5
0.5016537
0
0
0
1
#6
0.6049427
0
0
0
1
#7
0.7074463
0
0
0
1
#8
0.8112856
0
0
0
1
#9
0.9134504
0
0
0
1
#10
1.012933
0.01308576
-0.024212
0.0003169525
0.9996212
#11
1.100736
-0.0856484
-0.3983978
-0.03739661
0.912439
#12
1.202012
-0.1387277
-0.5424726
-0.09138721
0.8234844
#13
1.30397
-0.1376401
-0.5377893
-0.08951269
0.8269374
#14
1.406239
-0.1376401
-0.5377893
-0.08951269
0.8269374
#15
1.510458
-0.1372737
-0.5362229
-0.08889133
0.8280817
#16
1.612469
-0.09817719
-0.8966815
-0.250358
0.3516311
#17
1.714504
0.05596558
-0.9223179
-0.3533522
-0.146081
#18
1.81664
0.05619682
-0.9222221
-0.3533156
-0.1466846
#19
1.901369
0.05642805
-0.9221259
-0.3532787
-0.1472881
#20
2.001857
0.0460002
-0.9260634
-0.3547872
-0.1200694
#21
2.115126
0.1983989
-0.7988188
-0.3625704
-0.4371145
#22
2.214422
0.3813633
-0.4526426
-0.2228505
-0.7746059
#23
2.30898
0.3864558
-0.4217907
-0.2052656
-0.7941099
#24
2.41406
0.3833013
-0.4264838
-0.2061703
-0.7928969
#25
2.514992
0.3629457
-0.4648696
-0.2168957
-0.7778965
#26
2.603221
0.3807552
-0.3244973
-0.1447301
-0.8536862
#27
2.704303
0.3431263
0.1230678
0.04540209
-0.9300846
#28
2.804924
0.3040532
0.2569478
0.0855374
-0.9133525
#29
2.907394
0.2301493
0.4610493
0.1251563
-0.8478212
#30
3.008968
0.1386143
0.8072593
0.2095232
-0.5340587
#31
3.111748
0.1050733
0.8659049
0.2048907
-0.4440588
#32
3.213653
0.07297114
0.8956123
0.159936
-0.408625
#33
3.314468
0.01739196
0.9639009
0.06507833
-0.2575992
#34
3.415792
0.01277785
0.972889
0.05545752
-0.2241612
#35
3.500949
0.01277785
0.972889
0.05545752
-0.2241612
#36
3.602641
0.01317722
0.9693547
0.05334676
-0.2394409
#37
3.703698
0.006583838
0.9910107
0.05323748
-0.1225575
#38
3.804423
0.006198959
0.9926285
0.05788639
-0.106299
#39
3.905321
0.01083596
0.9887109
0.08954471
-0.1196456
#40
4.006624
0.03532079
0.959201
0.2436059
-0.139076
#41
4.10919
0.03810064
0.9489654
0.2865095
-0.1261954
#42
4.210487
0.03770055
0.9488356
0.2878261
-0.1242821
#43
4.313123
0.03770055
0.9488356
0.2878261
-0.1242821
#44
4.414711
0.03770055
0.9488356
0.2878261
-0.1242821
#45
4.502022
0.03851353
0.9493784
0.2839243
-0.1287805
#46
4.60362
0.04250543
0.9522865
0.2585074
-0.156581
#47
4.705161
0.03332049
0.9664319
0.1909204
-0.168667
#48
4.80724
0.02005711
0.9781308
0.1131735
-0.1733486
#49
4.908945
0.01527616
0.9793141
0.08094444
-0.1848201
#50
5.010959
0.01589462
0.9783504
0.08215433
-0.1892841
#51
5.112981
0.01859759
0.9747755
0.0889259
-0.2038605
#52
5.215226
0.01659844
0.9761592
0.08068367
-0.2008179
#53
5.301352
0.0164146
0.9763432
0.08005553
-0.2001895
#54
5.403674
0.01602149
0.9764984
0.07813833
-0.2002214
#55
5.50546
0.01589045
0.9765494
0.0774992
-0.2002318
#56
5.609223
0.01589045
0.9765494
0.0774992
-0.2002318
#57
5.722805
0.01628357
0.9763952
0.0794165
-0.2002002
#58
5.807271
0.01988841
0.9752966
0.09863705
-0.1966513
#59
5.909693
0.01896404
0.9781555
0.1034556
-0.1793019
#60
6.011294
0.009992152
0.9898739
0.1079717
-0.09160707
#61
6.1129
0.009355938
0.9903964
0.1080287
-0.08577432
#62
6.214618
0.01642912
0.9826939
0.1078394
-0.1497115
#63
6.308231
0.01920406
0.9798633
0.1172752
-0.1604547
#64
6.411873
0.02470933
0.9735178
0.128166
-0.1876861
#65
6.502207
0.02793257
0.9690362
0.1301578
-0.2079605
#66
6.603103
0.02952211
0.9665774
0.1304716
-0.2187097
#67
6.704203
0.02986482
0.9664623
0.1323888
-0.2180186
#68
6.808441
0.03014654
0.9669732
0.1369749
-0.2128192
#69
6.910413
0.03125734
0.9664716
0.1433624
-0.21072
#70
7.013647
0.03281252
0.9654534
0.1509701
-0.2098359
#71
7.203257
0.03394541
0.9646844
0.1566767
-0.2090075
#72
7.220097
0.03404798
0.9645474
0.1566544
-0.209639
#73
7.310423
0.03404798
0.9645474
0.1566544
-0.209639
#74
7.412037
0.03735926
0.9602354
0.1578899
-0.2272069
#75
7.527021
0.07925453
0.8629506
0.1430539
-0.4780906
#76
7.611252
0.08101023
0.8589818
0.1435516
-0.4847478
#77
7.712787
0.09536393
0.7917494
0.1280581
-0.5896099
#78
7.813976
0.08650795
0.7633866
0.1045709
-0.6315237
#79
7.900119
0.06529956
0.7300439
0.07045594
-0.6766151
#80
8.000883
0.0385045
0.5754392
0.02713699
-0.8164868
#81
8.102356
0.0379701
0.5754568
0.02676036
-0.8165119
#82
8.20386
0.03643379
0.5733684
0.0255351
-0.8180888
#83
8.304781
0.08435827
0.2922733
0.02589188
-0.9522551
#84
8.406243
0.1284479
-0.1088108
-0.01418034
-0.9856269
#85
8.507289
0.1315646
-0.1158537
-0.01548391
-0.9843927
#86
8.608616
0.1461237
-0.08986316
-0.01332994
-0.9850862
#87
8.710549
0.1382434
-0.03045764
-0.00425344
-0.9899207
#88
8.812172
0.09935205
-0.2220839
-0.02275428
-0.9696856
#89
8.91406
0.1107429
-0.407281
-0.04982743
-0.9051936
#90
9.002194
0.1715212
-0.5698671
-0.1230795
-0.7941558
#91
9.104282
0.1826674
-0.5635331
-0.1294545
-0.7951758
#92
9.205956
0.1880751
-0.5390969
-0.1249559
-0.8114114
#93
9.308314
0.1978715
-0.4693089
-0.10878
-0.8536762
#94
9.410769
0.2002126
-0.4361999
-0.1002036
-0.8715525
#95
9.512827
0.1997194
-0.4306151
-0.09832744
-0.8746511
#96
9.615739
0.2031695
-0.4040303
-0.09253529
-0.8870845
#97
9.700111
0.2041731
-0.3999017
-0.09186522
-0.8887929
#98
9.802385
0.2047547
-0.3998415
-0.09212694
-0.8886591
#99
9.903978
0.2134691
-0.3989178
-0.09604787
-0.8866061
#100
10.00468
0.2198467
-0.3982159
-0.09891737
-0.8850462
#101
10.10649
0.227947
-0.3972929
-0.102562
-0.8829947
#102
10.20828
0.2331443
-0.3966818
-0.1049005
-0.8816367
#103
10.30978
0.2331443
-0.3966818
-0.1049005
-0.8816367
#104
10.41237
0.2345974
-0.3987809
-0.1062938
-0.8801361
#105
10.51392
0.15324
-0.6868518
-0.1516427
-0.694087
#106
10.61725
0.06186811
-0.8885788
-0.1258702
-0.4367569
#107
10.70192
0.04414932
-0.9279134
-0.1166058
-0.3513269
#108
10.80255
0.04430192
-0.9274528
-0.1165479
-0.3525412
#109
10.90407
0.0350842
-0.938792
-0.1005351
-0.3276145
#110
11.00553
-0.02591437
-0.9467611
-0.0788778
0.3110471
#111
11.10815
-0.0225801
-0.6610145
-0.01990716
0.7497691
#112
11.21126
-0.0225801
-0.6610145
-0.01990716
0.7497691
#113
11.31316
-0.02147354
-0.6659332
-0.01918283
0.7454555
#114
11.41554
-0.03290637
-0.8145648
-0.04643266
0.5772741
#115
11.50072
-0.03585581
-0.856633
-0.06008945
0.5111591
#116
11.60332
-0.03722909
-0.8853943
-0.07201488
0.4577169
#117
11.70461
-0.04190246
-0.9150388
-0.09859718
0.388879
#118
11.80508
-0.03734578
-0.9482108
-0.1216789
0.2910256
#119
11.90722
-0.03464112
-0.9624785
-0.1485696
0.2244156
#120
12.00913
-0.02737269
-0.97175
-0.1853713
0.1434927
#121
12.11118
-0.02360332
-0.9742554
-0.1878325
0.1224264
#122
12.21278
-0.01446838
-0.9689051
-0.2400042
0.05840937
#123
12.31525
-0.0005396224
-0.9613801
-0.2752174
0.001884991
#124
12.41667
-0.0002506431
-0.9814177
-0.1918796
0.001281979
#125
12.50244
0.0001227328
-0.9824095
-0.1867384
-0.0006456834
#126
12.60411
0.008019033
-0.9794641
-0.1974946
-0.03976997
#127
12.70842
0.0106135
-0.9773805
-0.2050758
-0.05058339
#128
12.81115
0.0106135
-0.9773805
-0.2050758
-0.05058339
#129
12.91232
0.01027453
-0.9772086
-0.2063756
-0.04865092
#130
13.01465
0.01027453
-0.9772086
-0.2063756
-0.04865092
#131
13.10006
0.01030637
-0.9770734
-0.2070151
-0.04864418
#132
13.20268
0.01026512
-0.9766966
-0.20894
-0.04798466
#133
13.30405
0.01015937
-0.9765908
-0.2095859
-0.0473388
#134
13.40536
0.01015937
-0.9765908
-0.2095859
-0.0473388
#135
13.50723
0.01021635
-0.9751176
-0.2166249
-0.04598801
#136
13.61308
0.01013393
-0.9748631
-0.2179078
-0.04533659
#137
13.71519
0.01013393
-0.9748631
-0.2179078
-0.04533659
#138
13.80096
0.01019327
-0.974577
-0.2191838
-0.04532329
#139
13.90272
0.009475959
-0.9747201
-0.2192159
-0.04213383
#140
14.00401
0.001066589
-0.9866222
-0.1628921
-0.006460231
#141
14.10533
-0.0002393607
-0.9925177
-0.1220858
0.001945924
#142
14.20806
-0.000238087
-0.9925973
-0.1214362
0.00194608
#143
14.31015
-0.000238087
-0.9925973
-0.1214362
0.00194608
#144
14.41194
-0.000238087
-0.9925973
-0.1214362
0.00194608
#145
14.51438
-0.0009860022
-0.9905437
-0.1370089
0.007128573
#146
14.61552
-0.001450682
-0.9873378
-0.158367
0.009044266
#147
14.70159
-0.001450682
-0.9873378
-0.158367
0.009044266
#148
14.80277
-0.001450682
-0.9873378
-0.158367
0.009044266
#149
14.90429
-0.001768801
-0.9872143
-0.15901
0.01098161
#150
15.00578
-0.01606546
-0.9821612
-0.1588557
0.09932835
#151
15.10778
-0.07838017
-0.8600387
-0.1391034
0.4846033
#152
15.21183
-0.1013311
-0.7743459
-0.1283658
0.6112633
#153
15.31367
-0.1377947
-0.5313383
-0.08808166
0.8312243
#154
15.41448
-0.1630414
-0.2532424
-0.04334442
0.9525792
#155
15.51674
-0.1645953
0.05290631
0.008841624
0.9849016
#156
15.60413
-0.1395747
-0.02074041
-0.002924106
0.98999
#157
15.70573
-0.05510418
-0.2495555
-0.01422545
0.9666867
#158
15.80922
-0.0872119
-0.6744699
-0.08072428
0.7286755
#159
15.91056
-0.1274949
-0.8688874
-0.3780286
0.2930432
#160
16.02543
0.001235576
-0.8819182
-0.4713953
-0.0023116
#161
16.10559
0.09277868
-0.8885146
-0.3990814
-0.2065624
#162
16.21389
0.1351278
-0.8546169
-0.275828
-0.4186757
#163
16.31202
0.1331627
-0.8129217
-0.2047577
-0.5286778
#164
16.4125
0.1327059
-0.7871143
-0.1819007
-0.5742406
#165
16.51657
0.1327059
-0.7871143
-0.1819007
-0.5742406
#166
16.60715
0.1218487
-0.8035253
-0.1762991
-0.5553544
#167
16.70399
0.1370246
-0.6750572
-0.1296902
-0.7132338
#168
16.81316
0.1449304
-0.4934992
-0.08380148
-0.8534817
#169
16.90933
0.1586701
-0.3144545
-0.05339777
-0.9343933
#170
17.01849
0.1655537
-0.1465709
-0.02488932
-0.9749305
#171
17.11537
0.1909925
0.3033317
0.06219614
-0.9314738
#172
17.20614
0.2218871
0.4939604
0.1320099
-0.8302667
#173
17.31719
0.246314
0.6661649
0.2492346
-0.6583585
#174
17.41046
0.1945984
0.7892483
0.3124857
-0.4914991
#175
17.5135
0.1232014
0.849928
0.228334
-0.4585928
#176
17.60833
0.1204888
0.8508022
0.2226089
-0.4605034
#177
17.712
0.1204888
0.8508022
0.2226089
-0.4605034
#178
17.8058
0.1098906
0.8504041
0.1965269
-0.4755146
#179
17.91883
0.04737188
0.9192291
0.1167371
-0.3730229
#180
18.01377
0.02868539
0.9351789
0.07791298
-0.3443069
#181
18.10659
0.01286279
0.9357386
0.03431214
-0.3507856
#182
18.2093
-0.02434943
0.8550929
-0.04032501
-0.5163304
#183
18.31121
-0.03471158
0.7320356
-0.03740343
-0.6793526
#184
18.41319
-0.01345162
0.6483536
-0.01145843
-0.7611343
#185
18.51448
0.02243645
0.6033201
0.01698409
-0.7970026
#186
18.60765
0.1137557
0.5342011
0.07282038
-0.8344975
#187
18.71512
0.1945916
0.4861324
0.1120092
-0.8445492
#188
18.81265
0.2369539
0.5153199
0.1508123
-0.8096628
#189
18.90464
0.234618
0.5678115
0.1730558
-0.7698027
#190
19.00093
0.2281026
0.5937954
0.1805504
-0.7501852
#191
19.11194
0.2040343
0.6197233
0.1712823
-0.7382244
#192
19.21669
0.1810481
0.6209906
0.150377
-0.747649
#193
19.30234
0.1721735
0.6179839
0.1411117
-0.7540157
#194
19.40408
0.1692589
0.6156549
0.1376153
-0.7572202
#195
19.51057
0.1672229
0.6136187
0.1350533
-0.7597824
#196
19.61367
0.1672229
0.6136187
0.1350533
-0.7597824
#197
19.70133
0.1672229
0.6136187
0.1350533
-0.7597824
#198
19.8054
0.1672229
0.6136187
0.1350533
-0.7597824
#199
19.90941
0.1672229
0.6136187
0.1350533
-0.7597824
#200
20.01621
0.1697981
0.6126763
0.1369495
-0.7596323
#201
20.10209
0.1702952
0.6125865
0.1373505
-0.7595211
