#0
0
0
0
0
1
#1
0.3733333
0.0006544983
0.0006544983
-4.283682E-07
0.9999996
#2
0.4043292
0.0006544983
0.0006544983
-4.283682E-07
0.9999996
#3
0.4222333
0.0006544983
0.0006544983
-4.283682E-07
0.9999996
#4
0.4388993
0.0006544983
0.0006544983
-4.283682E-07
0.9999996
#5
0.5092652
0.0006544983
0.0006544983
-4.283682E-07
0.9999996
#6
0.614351
0.0006544983
0.0006544983
-4.283682E-07
0.9999996
#7
0.7000377
-0.01308724
-0.01897769
-0.0002484316
0.9997342
#8
0.8018134
-0.02942978
-0.03532024
-0.001040568
0.9989421
#9
0.9043331
-0.02942978
-0.03532024
-0.001040568
0.9989421
#10
1.006318
-0.02942978
-0.03532024
-0.001040568
0.9989421
#11
1.108946
-0.02942978
-0.03532024
-0.001040568
0.9989421
#12
1.212175
-0.02942978
-0.03532024
-0.001040568
0.9989421
#13
1.313827
-0.02942978
-0.03532024
-0.001040568
0.9989421
#14
1.416127
-0.02942978
-0.03532024
-0.001040568
0.9989421
#15
1.506151
-0.02942978
-0.03532024
-0.001040568
0.9989421
#16
1.605949
-0.02942978
-0.03532024
-0.001040568
0.9989421
#17
1.706973
-0.02942978
-0.03532024
-0.001040568
0.9989421
#18
1.808725
-0.02942978
-0.03532024
-0.001040568
0.9989421
#19
1.911194
-0.02942978
-0.03532024
-0.001040568
0.9989421
#20
2.014753
-0.02942978
-0.03532024
-0.001040568
0.9989421
#21
2.100693
-0.02942978
-0.03532024
-0.001040568
0.9989421
#22
2.202116
-0.02942978
-0.03532024
-0.001040568
0.9989421
#23
2.305843
-0.02942978
-0.03532024
-0.001040568
0.9989421
#24
2.410022
-0.02942978
-0.03532024
-0.001040568
0.9989421
#25
2.511575
-0.02942978
-0.03532024
-0.001040568
0.9989421
#26
2.615878
-0.02942978
-0.03532024
-0.001040568
0.9989421
#27
2.700136
-0.02942978
-0.03532024
-0.001040568
0.9989421
#28
2.801416
-0.02942978
-0.03532024
-0.001040568
0.9989421
#29
2.903065
-0.02942978
-0.03532024
-0.001040568
0.9989421
#30
3.005102
-0.02942978
-0.03532024
-0.001040568
0.9989421
#31
3.108981
-0.02942978
-0.03532024
-0.001040568
0.9989421
#32
3.211652
-0.02942978
-0.03532024
-0.001040568
0.9989421
#33
3.300182
-0.02942978
-0.03532024
-0.001040568
0.9989421
#34
3.40188
-0.02942978
-0.03532024
-0.001040568
0.9989421
#35
3.503306
-0.02942978
-0.03532024
-0.001040568
0.9989421
#36
3.605865
-0.02942978
-0.03532024
-0.001040568
0.9989421
#37
3.709173
-0.02942978
-0.03532024
-0.001040568
0.9989421
#38
3.811822
-0.02942978
-0.03532024
-0.001040568
0.9989421
#39
3.913224
-0.02942978
-0.03532024
-0.001040568
0.9989421
#40
4.016048
-0.02942978
-0.03532024
-0.001040568
0.9989421
#41
4.100275
-0.02942978
-0.03532024
-0.001040568
0.9989421
#42
4.202814
-0.02942978
-0.03532024
-0.001040568
0.9989421
#43
4.306543
-0.02942978
-0.03532024
-0.001040568
0.9989421
#44
4.410114
-0.02942978
-0.03532024
-0.001040568
0.9989421
#45
4.512738
-0.02942978
-0.03532024
-0.001040568
0.9989421
#46
4.616128
-0.02942978
-0.03532024
-0.001040568
0.9989421
#47
4.701896
-0.02942978
-0.03532024
-0.001040568
0.9989421
#48
4.802354
-0.02942978
-0.03532024
-0.001040568
0.9989421
#49
4.903254
-0.02942978
-0.03532024
-0.001040568
0.9989421
#50
5.006266
-0.02942978
-0.03532024
-0.001040568
0.9989421
#51
5.109696
-0.02942978
-0.03532024
-0.001040568
0.9989421
#52
5.211693
-0.02942978
-0.03532024
-0.001040568
0.9989421
#53
5.313416
-0.02942978
-0.03532024
-0.001040568
0.9989421
#54
5.41557
-0.02942978
-0.03532024
-0.001040568
0.9989421
#55
5.516579
-0.02942978
-0.03532024
-0.001040568
0.9989421
#56
5.600193
0.05360962
-0.03528469
0.00189551
0.9979366
#57
5.702796
0.2294361
-0.03948377
0.009315378
0.972478
#58
5.804409
0.2294361
-0.03948377
0.009315378
0.972478
#59
5.906364
0.2294361
-0.03948377
0.009315378
0.972478
#60
6.010332
0.2294361
-0.03948377
0.009315378
0.972478
#61
6.112701
0.2294361
-0.03948377
0.009315378
0.972478
#62
6.215371
0.2294361
-0.03948377
0.009315378
0.972478
#63
6.300081
0.2294361
-0.03948377
0.009315378
0.972478
#64
6.400354
0.2294361
-0.03948377
0.009315378
0.972478
#65
6.50192
0.1245942
-0.1075781
0.01359027
0.9862649
#66
6.602774
-0.1119156
-0.4178186
-0.05194951
0.9001132
#67
6.705293
-0.1705028
-0.5049266
-0.1024991
0.8399238
#68
6.807432
-0.1652471
-0.5125919
-0.1012635
0.8364739
#69
6.910083
-0.1652471
-0.5125919
-0.1012635
0.8364739
#70
7.013006
-0.1652471
-0.5125919
-0.1012635
0.8364739
#71
7.117495
-0.1393631
0.05829429
0.00821867
0.9884899
#72
7.20408
-0.1393631
0.05829429
0.00821867
0.9884899
#73
7.30536
-0.1393631
0.05829429
0.00821867
0.9884899
#74
7.408774
-0.1393631
0.05829429
0.00821867
0.9884899
#75
7.511192
-0.1393631
0.05829429
0.00821867
0.9884899
#76
7.613123
-0.131986
0.08487957
0.0113442
0.9875457
#77
7.71591
-0.1179672
0.1199306
0.01435394
0.9856441
#78
7.800734
-0.09385788
0.2120452
0.02046433
0.972527
#79
7.902006
-0.03737784
0.3056672
0.01200971
0.9513287
#80
8.002716
-0.02974048
0.4166526
0.01363981
0.9084768
#81
8.103711
-0.06467618
0.843467
0.104312
0.5229717
#82
8.206084
-0.07838305
0.8513934
0.1331344
0.501259
#83
8.3084
-0.1247942
0.7973224
0.1765797
0.5634918
#84
8.410654
-0.1407819
0.7603896
0.1757245
0.6091871
#85
8.512542
-0.1411759
0.7664185
0.1802911
0.6001394
#86
8.61417
-0.1342048
0.8028488
0.1971986
0.546384
#87
8.716291
-0.1332654
0.8062779
0.1986005
0.5410307
#88
8.801526
-0.1333588
0.8068551
0.1993029
0.5398877
#89
8.902959
-0.1333588
0.8068551
0.1993029
0.5398877
#90
9.003969
-0.1333588
0.8068551
0.1993029
0.5398877
#91
9.106146
-0.1352499
0.8082622
0.2041466
0.5354847
#92
9.206814
-0.1365163
0.8080751
0.2063513
0.5346
#93
9.308026
-0.1365163
0.8080751
0.2063513
0.5346
#94
9.411335
-0.1365163
0.8080751
0.2063513
0.5346
#95
9.514503
-0.1366513
0.807725
0.2062619
0.5351288
#96
9.616165
-0.1421401
0.7885969
0.1986306
0.56432
#97
9.700526
-0.175795
0.6564009
0.1612276
0.7157092
#98
9.801864
-0.1926374
0.5461119
0.1307319
0.8047122
#99
9.903855
-0.1915983
0.4161239
0.09015925
0.8843089
#100
10.00517
-0.1838408
0.319556
0.06334627
0.9274016
#101
10.11158
-0.1728746
0.104859
0.01851307
0.9791712
#102
10.21407
-0.1685952
-0.03547406
-0.00607166
0.9850281
#103
10.30057
-0.1651422
-0.1618699
-0.02748724
0.9725074
#104
10.40248
-0.161069
-0.2688517
-0.04565389
0.9485206
#105
10.50372
-0.1473323
-0.4282086
-0.07098549
0.8887585
#106
10.60568
-0.1568772
-0.4245362
-0.07495271
0.888561
#107
10.70751
-0.3025074
-0.3201782
-0.1086859
0.891158
#108
10.8095
-0.3235357
-0.2888544
-0.1044213
0.8949771
#109
10.91197
-0.3289887
-0.2766529
-0.101446
0.8971835
#110
11.01417
-0.3289887
-0.2766529
-0.101446
0.8971835
#111
11.11509
-0.3288556
-0.2778271
-0.1018766
0.8968207
#112
11.21577
-0.3288556
-0.2778271
-0.1018766
0.8968207
#113
11.30078
-0.3288556
-0.2778271
-0.1018766
0.8968207
#114
11.40199
-0.3267703
-0.2757418
-0.1002937
0.8984035
#115
11.50754
-0.3267703
-0.2757418
-0.1002937
0.8984035
#116
11.60949
-0.3280088
-0.2697916
-0.09832947
0.8999745
#117
11.71168
-0.328896
-0.2615339
-0.09531986
0.9024088
#118
11.81222
-0.328896
-0.2615339
-0.09531986
0.9024088
#119
11.91316
-0.3325163
-0.2860639
-0.1065994
0.8923211
#120
12.01531
-0.3103558
-0.4667905
-0.1791842
0.8085042
#121
12.103
-0.272433
-0.6000633
-0.2280926
0.7167134
#122
12.20457
-0.1907776
-0.7885779
-0.2997497
0.5018955
#123
12.31198
-0.07333443
-0.9266579
-0.2626547
0.2587273
#124
12.41419
-0.04280682
-0.9568839
-0.1903362
0.2152043
#125
12.50015
-0.04280682
-0.9568839
-0.1903362
0.2152043
#126
12.60202
-0.04405163
-0.9554549
-0.1900519
0.2214624
#127
12.70322
-0.076118
-0.9046674
-0.1824131
0.377503
#128
12.80743
-0.1064557
-0.8259471
-0.1665403
0.5279611
#129
12.91017
-0.1146857
-0.8138813
-0.1718827
0.5430477
#130
13.01158
-0.1241418
-0.8110708
-0.1863189
0.5404056
#131
13.11347
-0.1349298
-0.8098764
-0.2051183
0.5327483
#132
13.21469
-0.1391094
-0.8096979
-0.2129869
0.5288427
#133
13.31688
-0.140007
-0.8096238
-0.214668
0.5280388
#134
13.40214
-0.1417094
-0.8103534
-0.2188399
0.5247428
#135
13.50333
-0.144212
-0.810419
-0.2239878
0.5217792
#136
13.60684
-0.1474354
-0.8111982
-0.2316502
0.516293
#137
13.71046
-0.1478378
-0.8120899
-0.2336303
0.5138783
#138
13.81284
-0.1478378
-0.8120899
-0.2336303
0.5138783
#139
13.91543
-0.1480208
-0.8122728
-0.2342587
0.5132499
#140
14.0008
-0.1418653
-0.8273656
-0.2409595
0.4871128
#141
14.10282
-0.06468906
-0.9342914
-0.2694488
0.2243039
#142
14.20378
0.04017787
-0.9584517
-0.1718054
-0.2241405
#143
14.3055
0.04788893
-0.8549783
-0.0802549
-0.5101745
#144
14.41018
0.01814037
-0.7874006
-0.02319776
-0.6157379
#145
14.51508
-0.01120021
-0.728871
0.01192701
-0.6844555
#146
14.61646
-0.03021626
-0.7663136
0.03613825
-0.6407375
#147
14.70095
-0.01620652
-0.8880624
0.03139958
-0.4583629
#148
14.80579
0.001685554
-0.9869072
-0.01033548
-0.160949
#149
14.90873
-0.001155071
-0.9960137
-0.08823504
0.01303865
#150
15.00993
-0.004803687
-0.980863
-0.1931047
0.02440002
#151
15.11346
0.02441646
-0.9614702
-0.2582999
-0.09088542
#152
15.20014
0.06228661
-0.936377
-0.2687231
-0.2170403
#153
15.30102
0.09791134
-0.8999476
-0.2659363
-0.3313391
#154
15.40371
0.1138996
-0.8785399
-0.2608612
-0.3835963
#155
15.50626
0.1436101
-0.8248101
-0.2413869
-0.4907104
#156
15.60812
0.149935
-0.7756881
-0.2007873
-0.5792339
#157
15.71597
0.1400945
-0.7576448
-0.1730022
-0.6135291
#158
15.80052
0.1279244
-0.7926657
-0.1782717
-0.5688021
#159
15.90098
0.09668447
-0.8811902
-0.2054649
-0.4146567
#160
16.00205
0.07970949
-0.9119054
-0.2126267
-0.341855
#161
16.10409
0.07529851
-0.9196262
-0.2176025
-0.3182247
#162
16.20623
0.0692387
-0.9283102
-0.2209409
-0.2909149
#163
16.30879
0.0636557
-0.9361516
-0.234494
-0.2541276
#164
16.41279
0.0636557
-0.9361516
-0.234494
-0.2541276
#165
16.51495
0.06628254
-0.9336138
-0.2416665
-0.2560649
#166
16.60017
0.07028148
-0.9296877
-0.2517198
-0.2595737
#167
16.70108
0.07096081
-0.9290255
-0.2541529
-0.2593888
#168
16.80297
0.07096081
-0.9290255
-0.2541529
-0.2593888
#169
16.90313
0.07096081
-0.9290255
-0.2541529
-0.2593888
#170
17.00431
0.07096081
-0.9290255
-0.2541529
-0.2593888
#171
17.10498
0.07096081
-0.9290255
-0.2541529
-0.2593888
#172
17.20808
0.08950828
-0.9015914
-0.2252101
-0.3583316
#173
17.31421
0.03464954
-0.6266624
-0.02790875
-0.7780198
#174
17.41647
-0.06196994
-0.5431499
0.04024373
-0.8363781
#175
17.50114
-0.1382039
-0.4341207
0.06759331
-0.8876204
#176
17.60227
-0.1405273
-0.4339423
0.06872962
-0.8872555
#177
17.71016
-0.1320233
-0.4547022
0.0683613
-0.8781472
#178
17.81231
0.007655593
-0.4363937
-0.003713232
-0.8997156
#179
17.91361
0.2819233
-0.3695137
-0.1187269
-0.8774297
#180
18.01565
0.3038346
-0.3574774
-0.1242246
-0.8743356
#181
18.10117
0.3100249
-0.3329299
-0.1169168
-0.8828208
#182
18.20235
0.2086197
-0.1497483
-0.03234257
-0.965923
#183
18.30397
0.07036386
-0.0860706
-0.006094149
-0.9937825
#184
18.4062
0.001308022
-0.04383672
-5.739461E-05
-0.9990379
#185
18.50816
-0.01308437
-0.02748257
0.0003597587
-0.9995366
#186
18.61083
0.03729804
-0.0006534397
-2.438899E-05
-0.999304
#187
18.71439
0.3525427
0.06790027
0.0256574
-0.9329764
#188
18.81606
0.3892994
0.08901037
0.03782854
-0.9160197
#189
18.90058
0.3761456
0.125555
0.05152589
-0.9165673
#190
19.00221
0.2338333
0.2259801
0.05597682
-0.9439924
#191
19.1056
0.1347611
0.274367
0.03886509
-0.951342
#192
19.20763
0.06294124
0.3306007
0.02210345
-0.9414101
#193
19.30945
0.03198264
0.4249222
0.01502436
-0.9045399
#194
19.41171
0.03635626
0.4123787
0.01647284
-0.9101377
#195
19.51465
0.03635626
0.4123787
0.01647284
-0.9101377
#196
19.60193
0.07875542
0.4493133
0.03980386
-0.8890055
#197
19.70292
0.210993
0.5620183
0.1509868
-0.7853792
#198
19.80397
0.2629553
0.6060008
0.2222148
-0.717104
#199
19.90638
0.2603285
0.6339239
0.2400143
-0.6875775
#200
20.00862
0.2623087
0.6316506
0.2405727
-0.6887209
#201
20.11263
0.3083389
0.5366904
0.2194294
-0.7541494
#202
20.21521
0.310539
0.5337895
0.2194676
-0.7552935
#203
20.30086
0.310539
0.5337895
0.2194676
-0.7552935
#204
20.40265
0.310539
0.5337895
0.2194676
-0.7552935
#205
20.5036
0.3251182
0.5285468
0.2291337
-0.7499561
#206
20.60579
0.325609
0.5283967
0.2294795
-0.7497432
#207
20.70754
0.325609
0.5283967
0.2294795
-0.7497432
#208
20.80838
0.325609
0.5283967
0.2294795
-0.7497432
