#0
0
0
0
0
1
#1
0.3733333
0.3778356
0.004847825
-0.001978361
0.9258579
#2
0.4670423
0.331564
-0.2003889
0.07229264
0.9190666
#3
0.5239345
0.3308201
-0.2022408
0.07281119
0.9188881
#4
0.5443467
0.3312775
-0.2039966
0.07359414
0.9182726
#5
0.5781395
0.3317817
-0.2051499
0.07416201
0.9177878
#6
0.6197161
0.3317817
-0.2051499
0.07416201
0.9177878
#7
0.7058492
0.3317817
-0.2051499
0.07416201
0.9177878
#8
0.8056375
0.3315372
-0.2081522
0.07524736
0.9171115
#9
0.9008935
0.2874417
-0.2494899
0.07782689
0.9214527
#10
1.023623
0.2279068
-0.33634
0.08424877
0.909855
#11
1.116065
0.2120945
-0.3607669
0.08461711
0.9042695
#12
1.220857
0.185738
-0.3930095
0.08138836
0.8968951
#13
1.325334
0.1940852
-0.3968725
0.08626015
0.8929627
#14
1.40226
0.1940852
-0.3968725
0.08626015
0.8929627
#15
1.500878
0.197688
-0.3895676
0.08600846
0.89541
#16
1.672713
-0.1194427
-0.8430125
-0.2094054
0.4808459
#17
1.703952
-0.1126887
-0.8823669
-0.2695562
0.368876
#18
1.819997
-0.1080645
-0.888904
-0.2734626
0.3512692
#19
1.911731
-0.09523334
-0.8992199
-0.244734
0.3499134
#20
2.016927
-0.1194135
-0.8629962
-0.2409529
0.4276912
#21
2.143347
-0.03156864
-0.9613451
-0.1246437
0.2434809
#22
2.216208
-0.01679293
-0.9792482
-0.09127311
0.1801675
#23
2.315785
-0.002263601
-0.9967169
-0.07516223
0.03001732
#24
2.403869
0.0230302
-0.9714231
-0.1059592
-0.2111385
#25
2.505487
0.02808526
-0.9539559
-0.09458695
-0.2832537
#26
2.651725
0.02771446
-0.9540789
-0.09333815
-0.2832902
#27
2.700248
0.02556925
-0.9603175
-0.09394847
-0.2613624
#28
2.836816
0.06143457
-0.7754495
-0.07637513
-0.6237555
#29
2.908196
0.07083364
-0.6878696
-0.06774927
-0.7191857
#30
3.004832
0.07278851
-0.5447624
-0.0475408
-0.8340717
#31
3.164682
0.07804467
-0.2402946
-0.01938642
-0.9673634
#32
3.210403
0.05868633
-0.07897449
-0.004657373
-0.9951368
#33
3.32514
0.0387939
0.3378347
0.01393799
-0.9403024
#34
3.403035
0.0387939
0.3378347
0.01393799
-0.9403024
#35
3.516062
0.0387939
0.3378347
0.01393799
-0.9403024
#36
3.612122
0.04320973
0.2893628
0.01307664
-0.9561543
#37
3.718441
0.1029609
0.6142538
0.08127711
-0.7781295
#38
3.844787
0.1035524
0.7231601
0.1111435
-0.6737682
#39
3.927675
0.1049511
0.7662626
0.1296037
-0.6205078
#40
4.020436
0.0760153
0.8498552
0.1277701
-0.5056113
#41
4.105328
0.01077072
0.9595777
0.03707298
-0.2787837
#42
4.20038
-0.0007565063
0.993276
-0.006501002
-0.1155852
#43
4.309025
-0.0008321565
0.9932715
-0.007151098
-0.1155847
#44
4.401197
-0.0009129135
0.9931908
-0.007800595
-0.1162344
#45
4.524359
0.001093977
0.9985968
0.02287938
-0.04774789
#46
4.621192
-0.0180884
0.9816024
0.1213953
0.1462628
#47
4.709782
-0.03654604
0.9563678
0.13675
0.2555865
#48
4.832407
-0.05519609
0.9159383
0.1352541
0.373787
#49
4.915835
-0.07131165
0.8666531
0.1297155
0.4764462
#50
5.011703
-0.0323723
0.7720034
0.03944576
0.6335668
#51
5.1206
-0.02075692
0.7501733
0.02357518
0.6604948
#52
5.20486
-0.02564682
0.7969936
0.03392653
0.6024886
#53
5.34093
-0.04069527
0.844292
0.06477948
0.5303946
#54
5.424775
-0.04149843
0.8512838
0.06811888
0.5186073
#55
5.500691
-0.04149843
0.8512838
0.06811888
0.5186073
#56
5.624084
-0.04149843
0.8512838
0.06811888
0.5186073
#57
5.716007
-0.04694016
0.8609285
0.08081327
0.5000679
#58
5.808249
-0.05512382
0.8702511
0.1001144
0.4791676
#59
5.909875
-0.05760062
0.8712088
0.1054279
0.4759856
#60
6.013522
-0.05784272
0.8714511
0.106036
0.4753774
#61
6.123373
-0.05896994
0.8729591
0.1091197
0.4717605
#62
6.208585
-0.05896994
0.8729591
0.1091197
0.4717605
#63
6.319939
-0.06593181
0.8749493
0.1245238
0.4632609
#64
6.414196
-0.06623501
0.8748676
0.1250964
0.4632177
#65
6.534748
-0.06697836
0.8752256
0.1269017
0.4619415
#66
6.644209
-0.06728069
0.8751424
0.1274745
0.4618976
#67
6.735898
-0.06758299
0.8750588
0.1280473
0.4618535
#68
6.835696
-0.07110828
0.8652582
0.128349
0.4793729
#69
6.933856
-0.1054378
0.6879158
0.1020427
0.7108037
#70
7.028339
-0.1308249
0.4479232
0.06644315
0.8819495
#71
7.103724
-0.1309118
0.446768
0.06627179
0.8825353
#72
7.200947
-0.1309118
0.446768
0.06627179
0.8825353
#73
7.356794
-0.127639
0.4521756
0.06556237
0.8803108
#74
7.405648
-0.1323533
0.382311
0.05543248
0.9128243
#75
7.523975
-0.1589725
0.2315582
0.03838613
0.9589761
#76
7.606893
-0.1610318
0.1721582
0.02853921
0.9713989
#77
7.710835
-0.1513498
0.08464061
0.01300854
0.9847639
#78
7.804983
-0.1162426
-0.1469992
-0.01739851
0.9821284
#79
7.904186
-0.08047105
-0.2453038
-0.02043708
0.9658844
#80
8.028157
-0.08149489
-0.3060214
-0.02630256
0.9481655
#81
8.102612
-0.1005912
-0.4207909
-0.04701338
0.9003367
#82
8.200823
-0.09935853
-0.4436333
-0.04956548
0.8893035
#83
8.300774
-0.09952019
-0.4407207
-0.04924006
0.8907505
#84
8.410262
-0.07932372
-0.3920736
-0.03395728
0.9158782
#85
8.519573
-0.08462788
-0.3786691
-0.03479483
0.9209979
#86
8.616652
-0.08467336
-0.3774633
-0.03468402
0.9214928
#87
8.716872
-0.08309384
-0.3539046
-0.03158517
0.9310474
#88
8.855492
-0.07443461
-0.3376765
-0.02679813
0.9379317
#89
8.909513
-0.06020902
-0.3145999
-0.0199997
0.9471018
#90
9.012515
-0.0602221
-0.3139797
-0.01996027
0.9473076
#91
9.105212
-0.06085528
-0.3133463
-0.02012593
0.9474733
#92
9.213531
-0.06953429
-0.3131488
-0.02299623
0.9468759
#93
9.35234
-0.07325212
-0.3130561
-0.02422578
0.9465956
#94
9.400254
-0.07325212
-0.3130561
-0.02422578
0.9465956
#95
9.524503
-0.07696881
-0.3129585
-0.02545496
0.9463006
#96
9.604243
-0.07820744
-0.3129249
-0.0258646
0.9461991
#97
9.708753
-0.0923814
-0.314355
-0.03075355
0.9442992
#98
9.82068
-0.1034543
-0.3152051
-0.03459018
0.9427335
#99
9.912062
-0.1147553
-0.3520171
-0.04353414
0.9279116
#100
10.0441
-0.1216512
-0.5307778
-0.07731386
0.8351638
#101
10.11188
-0.1159475
-0.5780826
-0.08343174
0.8033778
#102
10.22023
-0.09906418
-0.6697775
-0.09085511
0.7302943
#103
10.33036
-0.09939353
-0.6593094
-0.08855634
0.7399931
#104
10.40054
-0.09791227
-0.6337388
-0.08132436
0.7630038
#105
10.59203
0.01058968
-0.5877345
0.007693843
0.808948
#106
10.63039
0.1176142
-0.5451689
0.07758901
0.8264005
#107
10.7239
0.1265971
-0.5565172
0.08627774
0.8165892
#108
10.80984
0.1382523
-0.5604751
0.09555206
0.81094
#109
10.91617
0.1398444
-0.5602864
0.09665238
0.810667
#110
11.01183
0.1398444
-0.5602864
0.09665238
0.810667
#111
11.11146
0.1390338
-0.5582875
0.09555518
0.812314
#112
11.24479
0.03156835
-0.6694964
0.02849917
0.7415968
#113
11.30376
0.02273261
-0.7048903
0.02261388
0.7085912
#114
11.40851
0.02246462
-0.7131892
0.02288012
0.7002378
#115
11.5519
0.02623121
-0.6977902
0.0255868
0.7153643
#116
11.62379
0.02673349
-0.6968361
0.02600851
0.7162601
#117
11.73566
0.02440714
-0.7226662
0.02555176
0.6902935
#118
11.8023
0.01838215
-0.7809094
0.02300632
0.6239498
#119
11.90907
-0.00335007
-0.859053
-0.005622578
0.5118448
#120
12.0521
-0.006357689
-0.9494354
-0.01926618
0.3133063
#121
12.1219
-0.00608318
-0.967645
-0.02343751
0.2511512
#122
12.20855
-0.005684093
-0.9823095
-0.03022679
0.1847215
#123
12.31376
-0.002008551
-0.9979913
-0.04510035
0.04444569
#124
12.42465
0.01135943
-0.9805904
-0.05976076
-0.1863923
#125
12.52818
0.01105855
-0.9801281
-0.05715749
-0.1896304
#126
12.60451
0.01105855
-0.9801281
-0.05715749
-0.1896304
#127
12.7036
0.006946195
-0.9903201
-0.05385053
-0.1277417
#128
12.81593
0.02635877
-0.9585246
-0.09440646
-0.267625
#129
12.91597
0.04186084
-0.9213017
-0.1035441
-0.3724642
#130
13.03983
0.06471546
-0.8496266
-0.1073328
-0.5122756
#131
13.10975
0.07008559
-0.8167235
-0.1015474
-0.5636833
#132
13.21741
0.06353495
-0.783934
-0.08135742
-0.6122024
#133
13.31516
0.02941724
-0.8259462
-0.04328601
-0.5613143
#134
13.42589
0.030902
-0.838377
-0.04778999
-0.5421119
#135
13.51947
0.03077678
-0.8397933
-0.04787073
-0.5399153
#136
13.60344
0.03077678
-0.8397933
-0.04787073
-0.5399153
#137
13.7122
0.02578082
-0.8454324
-0.04097878
-0.5318837
#138
13.85251
-0.0041652
-0.8906713
0.00816143
-0.4545556
#139
13.9207
-0.003574767
-0.8903832
0.006993197
-0.4551441
#140
14.01348
-0.003602203
-0.8885889
0.006979104
-0.4586373
#141
14.13186
0.002498398
-0.8788037
-0.004601447
-0.4771547
#142
14.21753
0.002831003
-0.8769199
-0.005165544
-0.4806005
#143
14.30768
0.008593856
-0.8736343
-0.01544
-0.4862621
#144
14.42065
0.01025687
-0.8716633
-0.01825874
-0.4896576
#145
14.53202
0.01906178
-0.8689533
-0.03357168
-0.4933861
#146
14.60385
0.01906178
-0.8689533
-0.03357168
-0.4933861
#147
14.70858
0.02735052
-0.8660198
-0.04765996
-0.496981
#148
14.8562
0.03813938
-0.8618932
-0.06556252
-0.5013852
#149
14.91008
0.04198268
-0.8597546
-0.07162897
-0.5039135
#150
15.00316
0.04231247
-0.8597075
-0.07219165
-0.5038859
#151
15.11986
0.05194145
-0.8559262
-0.08769652
-0.5069534
#152
15.23144
0.05233105
-0.8555363
-0.08822244
-0.50748
#153
15.32762
0.07841599
-0.8122914
-0.1123535
-0.5669305
#154
15.42012
0.1431012
-0.5635405
-0.09987453
-0.8074462
#155
15.50823
0.1814373
-0.3281642
-0.06438325
-0.9247938
#156
15.61601
0.1800164
-0.3312741
-0.06454319
-0.9239512
#157
15.72333
0.1732605
-0.3419619
-0.06430535
-0.9213619
#158
15.80228
0.1699234
-0.3289394
-0.06029751
-0.9269785
#159
15.90406
0.1883025
-0.06101792
-0.01172259
-0.9801437
#160
16.01975
0.1843624
0.20858
0.0400718
-0.9596349
#161
16.11855
0.1797603
0.2660495
0.05057121
-0.9456989
#162
16.2125
0.1777965
0.2562571
0.04801508
-0.9489021
#163
16.34396
0.2910063
0.08501788
0.02597229
-0.9525821
#164
16.40797
0.2954017
0.08365329
0.02597503
-0.9513492
#165
16.5001
0.3102543
0.08509266
0.02789478
-0.9464267
#166
16.65184
0.3537801
0.06725739
0.0255151
-0.9325584
#167
16.70189
0.3637661
0.05786526
0.02264802
-0.9294153
#168
16.81952
0.3725384
0.04552869
0.01830241
-0.9267186
#169
16.91962
0.3725384
0.04552869
0.01830241
-0.9267186
#170
17.00214
0.3731802
0.04369737
0.01759946
-0.9265621
#171
17.15201
0.3786659
0.04177956
0.01711375
-0.9244316
#172
17.20933
0.3920446
0.03551382
0.01514793
-0.9191357
#173
17.31126
0.4070801
0.03227409
0.01439467
-0.9127086
#174
17.41491
0.4070801
0.03227409
0.01439467
-0.9127086
#175
17.51312
0.4070801
0.03227409
0.01439467
-0.9127086
#176
17.63933
0.4028555
0.03473464
0.0153017
-0.9144763
#177
17.71926
0.4028555
0.03473464
0.0153017
-0.9144763
#178
17.81549
0.4028555
0.03473464
0.0153017
-0.9144763
#179
17.91486
0.4028555
0.03473464
0.0153017
-0.9144763
#180
18.02398
0.4028555
0.03473464
0.0153017
-0.9144763
#181
18.11933
0.4028555
0.03473464
0.0153017
-0.9144763
#182
18.20568
0.4028555
0.03473464
0.0153017
-0.9144763
#183
18.31693
0.4028555
0.03473464
0.0153017
-0.9144763
#184
18.452
0.4028555
0.03473464
0.0153017
-0.9144763
#185
18.50402
0.4028555
0.03473464
0.0153017
-0.9144763
#186
18.6125
0.3990679
0.04498368
0.01960616
-0.9156074
#187
18.74896
0.2724707
0.2489139
0.07320036
-0.9265222
#188
18.80468
0.2079694
0.4944957
0.1231771
-0.8348954
#189
18.91471
0.1605175
0.6243958
0.1331467
-0.7527524
#190
19.00881
0.1572987
0.6344599
0.1339909
-0.7448249
#191
19.11984
0.1641151
0.6005275
0.1276461
-0.7721007
#192
19.21041
0.1390226
0.6715325
0.1303807
-0.7160431
#193
19.31404
0.01287831
0.9870523
0.1070104
-0.1187881
#194
19.42152
0.008585114
0.9913601
0.09764052
-0.08716605
#195
19.5292
0.00960419
0.9902619
0.106047
-0.08968344
#196
19.66057
0.03108161
0.9685926
0.1867408
-0.161215
#197
19.71602
0.03292912
0.9667451
0.1916399
-0.1661139
#198
19.81583
0.001954887
0.9823558
0.1867282
-0.01028444
#199
19.92271
-0.0179271
0.9796675
0.1716402
0.1023222
#200
20.02491
-0.03228693
0.9623028
0.1318192
0.2357002
#201
20.13541
-0.04255454
0.93147
0.1158144
0.3422568
#202
20.20275
-0.04255454
0.93147
0.1158144
0.3422568
#203
20.30005
-0.04255454
0.93147
0.1158144
0.3422568
#204
20.43038
-0.05735271
0.8953078
0.1208515
0.4248877
#205
20.51349
-0.07416859
0.8615057
0.131829
0.4846937
#206
20.60034
-0.1137846
0.7425935
0.1306053
0.6469547
#207
20.71406
-0.1307857
0.6896139
0.1287464
0.7005371
#208
20.82081
-0.1387934
0.5968584
0.1057794
0.7831392
#209
20.93067
-0.1298118
0.5609106
0.08959237
0.8127124
#210
21.00511
-0.1515884
0.5660799
0.1068341
0.8032192
#211
21.14859
-0.1889038
0.5824406
0.1414454
0.7778635
#212
21.2184
-0.1950072
0.5813116
0.1460155
0.7763559
#213
21.32006
-0.2076841
0.5764135
0.1544496
0.7750872
#214
21.4086
-0.2359022
0.5684713
0.1744775
0.7686014
#215
21.50303
-0.2359022
0.5684713
0.1744775
0.7686014
#216
21.62724
-0.2359022
0.5684713
0.1744775
0.7686014
#217
21.7172
-0.2364052
0.568357
0.1748495
0.7684469
#218
21.81509
-0.2369081
0.5682424
0.1752214
0.768292
#219
21.90942
-0.2479457
0.5656606
0.1833851
0.7648012
#220
22.02352
-0.2525684
0.5640718
0.1865489
0.7636961
