#0
0
0
0
0
1
#1
0.3733333
0
0
0
1
#2
0.4098383
0
0
0
1
#3
0.4269001
0
0
0
1
#4
0.4491042
0
0
0
1
#5
0.5076618
0
0
0
1
#6
0.6200607
0
0
0
1
#7
0.7157226
0
0
0
1
#8
0.8151372
0
0
0
1
#9
0.9054669
0
0
0
1
#10
1.00775
0.1142664
0.01885496
-0.002169088
0.9932688
#11
1.12402
0.1563886
0.02391596
-0.003787916
0.9873988
#12
1.21939
0.1719219
-0.00902641
0.001575361
0.985068
#13
1.30847
0.1241533
-0.09143426
0.01149004
0.9879746
#14
1.402469
-0.05307015
-0.2979546
-0.01659304
0.9529593
#15
1.508417
-0.09880388
-0.3246051
-0.03411738
0.940056
#16
1.611523
-0.0980771
-0.3277022
-0.03422605
0.9390531
#17
1.706661
-0.0980771
-0.3277022
-0.03422605
0.9390531
#18
1.810402
-0.09627697
-0.326539
-0.03345655
0.9396721
#19
1.914997
-0.1199111
-0.5598504
-0.08229714
0.8157305
#20
2.020623
-0.1015627
-0.7750592
-0.1290052
0.6101852
#21
2.110005
-0.07964799
-0.8745924
-0.1538208
0.4528615
#22
2.202273
-0.0106758
-0.9892298
-0.09612334
0.1098673
#23
2.301107
0.002656173
-0.9954919
-0.02932814
-0.09015912
#24
2.417601
0.002656173
-0.9954919
-0.02932814
-0.09015912
#25
2.523226
0.002283236
-0.9966675
-0.03001567
-0.07581466
#26
2.610451
0.02086329
-0.9477199
-0.06336284
-0.3120528
#27
2.719733
0.140467
-0.5213357
-0.08747553
-0.8371537
#28
2.815422
0.1539371
-0.3618487
-0.06071503
-0.9174326
#29
2.903845
0.138605
-0.118317
-0.01668103
-0.9831132
#30
3.014016
0.1310335
-0.04605149
-0.006093461
-0.990289
#31
3.112063
0.1310335
-0.04605149
-0.006093461
-0.990289
#32
3.212577
0.1276282
-0.06810409
-0.00878475
-0.9894421
#33
3.308796
0.1675619
0.5790763
0.1230865
-0.7883168
#34
3.414969
0.03552546
0.9616433
0.2262155
-0.1510189
#35
3.526686
-0.03176863
0.9632218
0.231916
0.1319454
#36
3.609848
-0.07073068
0.9267721
0.22314
0.2937673
#37
3.712317
-0.1730217
0.7258678
0.1975541
0.6357294
#38
3.806506
-0.2018016
0.64878
0.1843509
0.7101939
#39
3.912086
-0.1801374
0.6812701
0.1787279
0.6866426
#40
4.012526
-0.04303267
0.9041076
0.09382918
0.4146489
#41
4.123197
-0.01240422
0.9424214
0.0351747
0.3323413
#42
4.216882
-0.006964884
0.9428708
0.01975035
0.3324998
#43
4.312379
0.005957403
0.9609774
-0.02075883
0.2757828
#44
4.40867
0.001081029
0.9829984
-0.005790387
0.1835196
#45
4.513422
-0.001490313
0.9940099
0.01366302
0.108423
#46
4.613576
-0.007505361
0.9907603
0.06168238
0.1205533
#47
4.70108
-0.009853386
0.9873154
0.06795766
0.1431538
#48
4.812168
-0.01683683
0.9782187
0.08794909
0.1872686
#49
4.919302
-0.01945458
0.9733028
0.09007643
0.2102126
#50
5.000656
-0.01970214
0.9721647
0.08868779
0.215968
#51
5.110233
-0.01188293
0.9796472
0.06099051
0.1908671
#52
5.209341
-0.009370125
0.9835438
0.05348206
0.1723181
#53
5.3206
-0.009859729
0.9835882
0.05671335
0.1709988
#54
5.428005
-0.01233899
0.982846
0.07152901
0.1695442
#55
5.508491
-0.02098583
0.9746377
0.1037286
0.1971835
#56
5.611733
-0.02078211
0.975023
0.1037696
0.1952694
#57
5.717925
-0.02030647
0.9759074
0.1038638
0.1908003
#58
5.806417
-0.0175478
0.9801809
0.1017241
0.169085
#59
5.905244
-0.01648157
0.9818978
0.1019023
0.1588111
#60
6.006478
-0.01648157
0.9818978
0.1019023
0.1588111
#61
6.109824
-0.01851241
0.9797146
0.1081615
0.1676833
#62
6.216894
-0.01968665
0.9786928
0.1132386
0.1701467
#63
6.312876
-0.02496743
0.9745989
0.1419615
0.1714073
#64
6.412237
-0.02618578
0.9735367
0.14832
0.1718771
#65
6.514485
-0.0266066
0.9731159
0.1495596
0.173117
#66
6.615829
-0.08996698
0.8225115
0.1357972
0.5449219
#67
6.707823
-0.1416674
0.5352102
0.09160534
0.827701
#68
6.820748
-0.1925798
0.381892
0.08169627
0.9002207
#69
6.909987
-0.1859203
0.3636515
0.07431627
0.9097628
#70
7.009328
-0.1859203
0.3636515
0.07431627
0.9097628
#71
7.103542
-0.1813201
0.3834692
0.0770598
0.902295
#72
7.210943
-0.1634066
0.1555558
0.02610089
0.9738683
#73
7.317694
-0.1156264
-0.2694716
-0.03260965
0.9554853
#74
7.410917
-0.08905234
-0.3402742
-0.0323901
0.9355394
#75
7.513713
-0.08873217
-0.5339512
-0.0564739
0.8389478
#76
7.614885
-0.07531221
-0.4862275
-0.04211187
0.8695617
#77
7.708125
-0.03214198
-0.328056
-0.01116935
0.9440452
#78
7.813774
-0.01877707
-0.2921047
-0.005736201
0.9561849
#79
7.901086
-0.01884334
-0.2808191
-0.005514582
0.9595599
#80
8.006222
-0.0213554
-0.2808038
-0.006249745
0.9595073
#81
8.110543
-0.02133483
-0.2839423
-0.006319597
0.9585832
#82
8.21455
-0.03930306
-0.3012788
-0.0124298
0.9526447
#83
8.316329
-0.04116496
-0.3018773
-0.01304828
0.9523683
#84
8.415786
-0.04305268
-0.300604
-0.01358463
0.9526801
#85
8.512025
-0.05943808
-0.2909714
-0.01811518
0.9547118
#86
8.614288
-0.09465762
-0.3012866
-0.0300724
0.948347
#87
8.718415
-0.1000795
-0.323328
-0.03441111
0.9403505
#88
8.808351
-0.1126755
-0.6790804
-0.1066448
0.7174824
#89
8.919079
-0.08342543
-0.8417009
-0.1361374
0.5157971
#90
9.015406
-0.04614738
-0.9230832
-0.1172264
0.3633812
#91
9.111181
-0.04253241
-0.9332412
-0.1178958
0.3366787
#92
9.216525
-0.04253241
-0.9332412
-0.1178958
0.3366787
#93
9.305822
-0.04091268
-0.9322159
-0.1115726
0.3418353
#94
9.413458
0.0568202
-0.9387419
-0.1886443
-0.2827517
#95
9.503864
0.08940609
-0.8859364
-0.1919509
-0.4126477
#96
9.61482
0.1013946
-0.8388193
-0.1674224
-0.5080069
#97
9.708179
0.1275488
-0.6098762
-0.100281
-0.7757101
#98
9.816115
0.1560248
-0.1907057
-0.03071683
-0.9686816
#99
9.902497
0.1588018
-0.05166875
-0.008322247
-0.9859225
#100
10.0086
0.1707564
0.0773006
0.01343899
-0.9821845
#101
10.1187
0.1134484
0.05719341
0.00654165
-0.9918748
#102
10.20783
0.04889566
-0.08357485
-0.004105774
-0.9952927
#103
10.31127
0.04692277
-0.08814122
-0.00415664
-0.9949935
#104
10.41186
0.04692004
-0.08879215
-0.004187338
-0.9949357
#105
10.51993
0.03185009
-0.1155235
-0.003706166
-0.9927871
#106
10.60773
0.0279293
-0.1220333
-0.00343535
-0.9921271
#107
10.71652
0.02532358
-0.1246388
-0.00318216
-0.9918739
#108
10.81879
0.02597276
-0.1246367
-0.003263735
-0.9918571
#109
10.9164
0.03314708
-0.1161689
-0.0038791
-0.9926686
#110
11.01982
0.03378894
-0.1181153
-0.004021488
-0.9924167
#111
11.12007
0.03572622
-0.1207046
-0.004346939
-0.9920359
#112
11.20637
0.04156249
-0.1219745
-0.005112255
-0.9916495
#113
11.31212
0.05194455
-0.1219143
-0.006389266
-0.9911599
#114
11.40108
0.05194455
-0.1219143
-0.006389266
-0.9911599
#115
11.50267
0.05194455
-0.1219143
-0.006389266
-0.9911599
#116
11.6216
0.05194455
-0.1219143
-0.006389266
-0.9911599
#117
11.71194
0.05494761
-0.009798301
-0.0005392338
-0.998441
#118
11.81881
0.08234618
0.502791
0.04819189
-0.8591262
#119
11.90641
0.0776716
0.5264092
0.04837024
-0.8452934
#120
12.0036
0.0776716
0.5264092
0.04837024
-0.8452934
#121
12.1089
0.0776716
0.5264092
0.04837024
-0.8452934
#122
12.21808
0.05108843
0.8207695
0.07433484
-0.5640938
#123
12.30232
0.02126392
0.9550803
0.07076527
-0.2869875
#124
12.41859
0.01034427
0.9774472
0.04930161
-0.2050841
#125
12.50708
0.003333192
0.9901899
0.02398363
-0.1376144
#126
12.60468
0.001886924
0.9963396
-0.02282753
0.08235744
#127
12.72038
-0.01972383
0.9044037
0.04205742
0.4241417
#128
12.81259
-0.02435256
0.9000245
0.05071318
0.4321934
#129
12.91613
-0.02435256
0.9000245
0.05071318
0.4321934
#130
13.00073
-0.01735777
0.9148059
0.03954143
0.4015785
#131
13.11634
-0.05123024
0.7842141
0.0653355
0.6149105
#132
13.2099
-0.08753026
0.5514011
0.05831953
0.8275834
#133
13.3234
-0.1157257
0.4746995
0.06312767
0.87022
#134
13.41462
-0.2551993
0.1741256
0.046779
0.9499291
#135
13.50828
-0.3044155
-0.07161192
-0.02295761
0.9495662
#136
13.62628
-0.3121186
-0.1952359
-0.06570415
0.9274415
#137
13.72287
-0.2270748
-0.3686274
-0.09336268
0.8965681
#138
13.81269
-0.1178329
-0.5185843
-0.07242087
0.843766
#139
13.90256
-0.1133658
-0.5260764
-0.07101149
0.8398507
#140
14.00275
-0.1133658
-0.5260764
-0.07101149
0.8398507
#141
14.12345
-0.1068399
-0.4245625
-0.05053211
0.8976517
#142
14.2099
-0.1183197
-0.3771421
-0.0486476
0.9172773
#143
14.30848
-0.1179086
-0.3226209
-0.04054201
0.9382802
#144
14.40424
-0.1174258
-0.3195743
-0.03994672
0.9394082
#145
14.50178
-0.116196
-0.3196263
-0.03952837
0.9395611
#146
14.60644
-0.1143
-0.3209327
-0.0390503
0.9393683
#147
14.71628
-0.1121244
-0.3289908
-0.03937541
0.9368259
#148
14.81358
-0.1104841
-0.3388361
-0.04010393
0.9334747
#149
14.91063
-0.1083643
-0.3456273
-0.04021974
0.9312257
#150
15.01237
-0.0996317
-0.3508571
-0.03757327
0.9303554
#151
15.11341
-0.09053791
-0.3499894
-0.03400846
0.9317477
#152
15.20574
-0.08706896
-0.3446243
-0.03212153
0.9341421
#153
15.3035
-0.08713187
-0.3427893
-0.0319505
0.934817
#154
15.41244
-0.09775938
-0.3362954
-0.03512358
0.9360101
#155
15.50801
-0.1026348
-0.3367179
-0.03695099
0.9352657
#156
15.62183
-0.105595
-0.3390406
-0.03832915
0.9340407
#157
15.72604
-0.1073521
-0.3407959
-0.03920545
0.9331648
#158
15.81203
-0.1131283
-0.3478453
-0.04232496
0.9297388
#159
15.93362
-0.1192522
-0.3590561
-0.0463147
0.9245067
#160
16.01352
-0.1216462
-0.3924567
-0.05245209
0.9101806
#161
16.11148
-0.09209846
-0.575572
-0.06545101
0.809908
#162
16.21768
-0.08084176
-0.681262
-0.07611486
0.7235699
#163
16.30447
-0.05650389
-0.7930438
-0.07444113
0.601953
#164
16.42764
-0.01462194
-0.9682733
-0.05837414
0.2425396
#165
16.50031
-0.01088143
-0.9773136
-0.05186036
0.2050616
#166
16.62209
-0.01088143
-0.9773136
-0.05186036
0.2050616
#167
16.726
-0.01031485
-0.9785717
-0.05064266
0.1993145
#168
16.80496
-0.0008858457
-0.9970996
-0.07519117
0.01174708
#169
16.90126
0.02378733
-0.9696605
-0.1051249
-0.2194117
#170
17.01149
0.04564617
-0.9219531
-0.1146312
-0.3671221
#171
17.10977
0.05209588
-0.8995659
-0.1118477
-0.4189956
#172
17.21563
0.04467305
-0.8928374
-0.09088802
-0.4388452
#173
17.32378
0.03531655
-0.900359
-0.07441861
-0.4272799
#174
17.40345
0.02852175
-0.9038815
-0.06102624
-0.4224459
#175
17.51037
0.02579231
-0.9039849
-0.05509223
-0.423215
#176
17.61128
0.02579231
-0.9039849
-0.05509223
-0.423215
#177
17.71447
0.02643703
-0.9052548
-0.0569539
-0.4202038
#178
17.81395
0.03188794
-0.9078798
-0.07025614
-0.4120697
#179
17.9123
0.03416622
-0.9082569
-0.07566995
-0.4100929
#180
18.02721
0.03599253
-0.9081683
-0.07985382
-0.4093389
