#0
0
0
0
0
1
#1
0.3733333
0
0
0
1
#2
0.4232132
0
0
0
1
#3
0.4570884
0
0
0
1
#4
0.4737532
0
0
0
1
#5
0.5147493
0
0
0
1
#6
0.6187289
0
0
0
1
#7
0.7144489
0
0
0
1
#8
0.8056409
0
0
0
1
#9
0.9186999
0
0
0
1
#10
1.001557
0
0
0
1
#11
1.102259
0
0
0
1
#12
1.206793
0
0
0
1
#13
1.315104
0
0
0
1
#14
1.421357
0
0
0
1
#15
1.511503
0
0
0
1
#16
1.613961
0
0
0
1
#17
1.722974
0
0
0
1
#18
1.810417
0
0
0
1
#19
1.919311
0
0
0
1
#20
2.014382
0
0
0
1
#21
2.10297
0
0
0
1
#22
2.215713
0
0
0
1
#23
2.310554
0
0
0
1
#24
2.4124
0
0
0
1
#25
2.513561
0
0
0
1
#26
2.600367
0
0
0
1
#27
2.707581
0
0
0
1
#28
2.802377
0
0
0
1
#29
2.910165
0
0
0
1
#30
3.011897
0
0
0
1
#31
3.111844
0
0
0
1
#32
3.208943
0
0
0
1
#33
3.308433
0
0
0
1
#34
3.404121
0
0
0
1
#35
3.515558
0
0
0
1
#36
3.603687
0
0
0
1
#37
3.713959
0
0
0
1
#38
3.806381
0
0
0
1
#39
3.909757
0
0
0
1
#40
4.011814
0
0
0
1
#41
4.113367
0
0
0
1
#42
4.20001
0
0
0
1
#43
4.311974
0
0
0
1
#44
4.413328
0
0
0
1
#45
4.514247
0
0
0
1
#46
4.618907
0
0
0
1
#47
4.71254
0
0
0
1
#48
4.814074
0
0
0
1
#49
4.913815
0
0
0
1
#50
5.013006
0
0
0
1
#51
5.118539
0
0
0
1
#52
5.211034
0
0
0
1
#53
5.301881
0
0
0
1
#54
5.406034
0
0
0
1
#55
5.512354
0
0
0
1
#56
5.609139
0
0
0
1
#57
5.7168
0
0
0
1
#58
5.807699
0
0
0
1
#59
5.91512
0
0
0
1
#60
6.007821
0
0
0
1
#61
6.122113
0
0
0
1
#62
6.207233
0
0
0
1
#63
6.301794
0
0
0
1
#64
6.412766
0
0
0
1
#65
6.506071
0
0
0
1
#66
6.608508
0
0
0
1
#67
6.706544
0
0
0
1
#68
6.813254
0
0
0
1
#69
6.905944
0
0
0
1
#70
7.001515
0
0
0
1
#71
7.109583
0
0
0
1
#72
7.212443
0
0
0
1
#73
7.314022
0
0
0
1
#74
7.419305
0
0
0
1
#75
7.522316
0
0
0
1
#76
7.616619
0
0
0
1
#77
7.716195
0
0
0
1
#78
7.806481
0
0
0
1
#79
7.912925
0
0
0
1
#80
8.011138
0
0
0
1
#81
8.113458
0
0
0
1
#82
8.214999
0
0
0
1
#83
8.307323
0
0
0
1
#84
8.414479
0
0
0
1
#85
8.509209
0
0
0
1
#86
8.607443
0
0
0
1
#87
8.710192
0
0
0
1
#88
8.814061
0
0
0
1
#89
8.903401
0
0
0
1
#90
9.010104
0
0
0
1
#91
9.111629
0
0
0
1
#92
9.212933
0
0
0
1
#93
9.314163
0
0
0
1
#94
9.40339
0
0
0
1
#95
9.506701
0
0
0
1
#96
9.615294
0
0
0
1
#97
9.710409
0
0
0
1
#98
9.813347
0
0
0
1
#99
9.900245
0
0
0
1
#100
10.0122
0
0
0
1
#101
10.11475
0
0
0
1
#102
10.20755
0
0
0
1
#103
10.31681
0
0
0
1
#104
10.40796
0
0
0
1
#105
10.51205
0
0
0
1
#106
10.61324
0
0
0
1
#107
10.71538
0
0
0
1
#108
10.80417
0
0
0
1
#109
10.91494
0
0
0
1
#110
11.01023
0
0
0
1
#111
11.1129
0
0
0
1
#112
11.21433
0
0
0
1
#113
11.30285
0
0
0
1
#114
11.41101
0
0
0
1
#115
11.50051
0
0
0
1
#116
11.61382
0
0
0
1
#117
11.70951
0
0
0
1
#118
11.8065
0
0
0
1
#119
11.90942
0
0
0
1
#120
12.0135
0
0
0
1
#121
12.10771
0
0
0
1
#122
12.20167
0
0
0
1
#123
12.31192
0
0
0
1
#124
12.40802
0
0
0
1
#125
12.50834
0
0
0
1
#126
12.61105
0
0
0
1
#127
12.71289
0
0
0
1
#128
12.81432
0
0
0
1
#129
12.90454
0
0
0
1
#130
13.00834
0
0
0
1
#131
13.10454
0
0
0
1
#132
13.20065
0
0
0
1
#133
13.30889
0
0
0
1
#134
13.40733
0
0
0
1
#135
13.50942
0
0
0
1
#136
13.60827
0
0
0
1
#137
13.71399
0
0
0
1
#138
13.80269
0
0
0
1
#139
13.91444
0
0
0
1
#140
14.00757
0
0
0
1
#141
14.10101
0
0
0
1
#142
14.20866
0
0
0
1
#143
14.3124
0
0
0
1
#144
14.42549
0
0
0
1
#145
14.51394
0
0
0
1
#146
14.60813
0
0
0
1
#147
14.71365
0
0
0
1
#148
14.81099
0
0
0
1
#149
14.91342
0
0
0
1
#150
15.00004
0
0
0
1
#151
15.10123
0
0
0
1
#152
15.20765
0
0
0
1
#153
15.30831
0
0
0
1
#154
15.41893
0
0
0
1
#155
15.51381
0
0
0
1
#156
15.61116
0
0
0
1
#157
15.71285
0
0
0
1
#158
15.80402
0
0
0
1
#159
15.9155
0
0
0
1
#160
16.00971
0
0
0
1
#161
16.11477
0
0
0
1
#162
16.20343
0
0
0
1
#163
16.313
0
0
0
1
#164
16.40861
0
0
0
1
#165
16.51322
0
0
0
1
#166
16.60539
0
0
0
1
#167
16.7052
0
0
0
1
#168
16.81373
0
0
0
1
#169
16.90867
0
0
0
1
#170
17.00849
0
0
0
1
#171
17.11626
0
0
0
1
#172
17.2118
0
0
0
1
#173
17.30705
0
0
0
1
#174
17.41319
0
0
0
1
#175
17.51573
0
0
0
1
#176
17.6045
0
0
0
1
#177
17.70858
0
0
0
1
#178
17.81276
0
0
0
1
#179
17.91667
0
0
0
1
#180
18.00379
0
0
0
1
#181
18.10925
0
0
0
1
#182
18.20315
0
0
0
1
#183
18.31264
0
0
0
1
#184
18.40291
0
0
0
1
#185
18.50968
0
0
0
1
#186
18.60212
0
0
0
1
#187
18.71853
0
0
0
1
#188
18.81531
0
0
0
1
#189
18.90441
0
0
0
1
#190
19.00472
0
0
0
1
#191
19.10983
0
0
0
1
#192
19.21354
0
0
0
1
#193
19.30777
0
0
0
1
#194
19.41271
0
0
0
1
#195
19.50779
0
0
0
1
#196
19.61258
0
0
0
1
#197
19.71484
0
0
0
1
#198
19.80418
0
0
0
1
#199
19.91433
0
0
0
1
#200
20.00286
0
0.002617991
0
0.9999966
#201
20.10502
-0.02552223
-0.005888534
-0.0001503401
0.9996569
#202
20.21328
-0.08483151
0.05930883
0.005058493
0.9946158
#203
20.31183
-0.109634
0.1573942
0.01758505
0.9812738
#204
20.40896
-0.1238901
0.3509663
0.04690684
0.9269702
#205
20.51348
-0.1292687
0.4680066
0.06942222
0.8714586
#206
20.61042
-0.1265894
0.5001845
0.07419536
0.8533966
#207
20.71043
-0.2027909
0.4521148
0.1063548
0.8620654
#208
20.80665
-0.2604673
0.4149622
0.1252845
0.8627092
#209
20.90733
-0.2689759
0.4170012
0.1306802
0.8583034
#210
21.00988
-0.2895688
0.4239874
0.1451633
0.8457613
#211
21.10503
-0.2982135
0.4235468
0.1499858
0.8421289
#212
21.21058
-0.3016697
0.4250548
0.1527149
0.8396439
#213
21.31437
-0.2986412
0.3777528
0.1301629
0.8667029
#214
21.41318
-0.2759076
0.06159847
0.01772126
0.9590447
#215
21.51147
-0.2711066
-0.1224342
-0.03478967
0.9540969
#216
21.61053
-0.2549179
-0.3470713
-0.0986203
0.8971246
#217
21.70688
-0.1931217
-0.6254041
-0.1636343
0.738104
#218
21.81517
-0.1907631
-0.6318774
-0.1644445
0.7330065
#219
21.91612
-0.1997935
-0.5963405
-0.156447
0.7615674
#220
22.01324
-0.07737213
-0.8924999
-0.1678331
0.4114482
#221
22.10908
-0.01876856
-0.9812238
-0.1337567
0.137684
#222
22.21926
-0.003364524
-0.9909503
-0.1317809
0.02530014
#223
22.31131
-0.009294415
-0.989436
-0.124337
0.07396214
#224
22.4167
-0.03853294
-0.9544584
-0.1415805
0.259768
#225
22.50801
-0.05933634
-0.8660388
-0.1059526
0.4850052
#226
22.60879
-0.06162143
-0.8537778
-0.1038855
0.5064327
#227
22.71301
-0.05759076
-0.8685269
-0.1039499
0.4811848
#228
22.80919
-0.05426991
-0.8742968
-0.1005798
0.4717452
#229
22.90934
-0.05389568
-0.8746711
-0.1000428
0.4712082
#230
23.00236
-0.05358727
-0.8747364
-0.09947032
0.4712434
#231
23.11364
-0.04992191
-0.8824808
-0.09625772
0.4576789
#232
23.20307
-0.04985891
-0.8827801
-0.09629036
0.4571013
#233
23.30166
-0.004953874
-0.9874856
-0.1544154
0.03167999
#234
23.41525
0.07554203
-0.8989261
-0.1714793
-0.3960052
#235
23.51854
0.09586155
-0.8411921
-0.1587548
-0.5079404
#236
23.60971
0.09476119
-0.8418345
-0.1571649
-0.5075767
#237
23.70784
0.09476119
-0.8418345
-0.1571649
-0.5075767
#238
23.82534
0.0989235
-0.8301284
-0.1561043
-0.5260537
#239
23.91049
0.1190608
-0.6476845
-0.1034524
-0.7454039
#240
24.00242
0.1367503
-0.4920614
-0.07859527
-0.8561529
#241
24.11155
0.1521913
-0.2593231
-0.04142079
-0.9528241
#242
24.20248
0.1548162
-0.1888435
-0.03016332
-0.9692576
#243
24.31326
0.1548162
-0.1888435
-0.03016332
-0.9692576
#244
24.40878
0.1514268
-0.1959181
-0.03063616
-0.9683736
#245
24.51325
0.1523983
0.2393366
0.03806778
-0.9581459
#246
24.6109
0.1449659
0.3803202
0.06049199
-0.9114177
#247
24.71284
0.1338259
0.5171142
0.08224981
-0.841379
#248
24.80782
0.1156267
0.6684733
0.1063243
-0.7269588
#249
24.91239
0.1174773
0.6746795
0.1100296
-0.7203473
#250
25.00382
0.1174773
0.6746795
0.1100296
-0.7203473
#251
25.1044
0.1205661
0.6695892
0.1114502
-0.7243569
#252
25.20914
0.04718154
0.9384853
0.1423514
-0.3110554
#253
25.3065
0.02030702
0.9796824
0.1387753
-0.1433571
#254
25.42684
0.002501995
0.9910946
0.1318001
-0.01881419
#255
25.50874
-0.02162921
0.9772297
0.1234528
0.1712128
#256
25.62606
-0.03366798
0.9550231
0.1193776
0.2693445
#257
25.71413
-0.03336501
0.9579943
0.1248468
0.2560216
#258
25.81539
-0.03101014
0.9612678
0.1214364
0.2454705
#259
25.91176
-0.04122742
0.9406902
0.1238442
0.3131534
#260
26.00775
-0.05486067
0.9030247
0.1212914
0.4084424
#261
26.11075
-0.05894506
0.8717924
0.1083944
0.4740824
#262
26.20111
-0.0583629
0.8704471
0.106492
0.4770483
#263
26.30016
0.002702159
0.9923535
0.1214062
-0.02208699
#264
26.40232
0.02119159
0.9773686
0.1195729
-0.1732164
#265
26.50786
0.01190287
0.9878196
0.1208515
-0.097292
#266
26.62654
-0.07505575
0.7899864
0.09874809
0.6004473
#267
26.70927
-0.09197924
0.6739255
0.08513659
0.7280907
#268
26.8109
-0.141094
0.4413846
0.07050085
0.883347
#269
26.92429
-0.156532
0.4147204
0.07266005
0.8934346
#270
27.01164
-0.156532
0.4147204
0.07266005
0.8934346
#271
27.11008
-0.1732957
0.4213527
0.08237978
0.8863657
#272
27.20827
-0.2822472
0.4056335
0.1332675
0.8590913
#273
27.31291
-0.309278
0.4012155
0.1460305
0.8497343
#274
27.40965
-0.3095641
0.3995461
0.1454229
0.8505205
#275
27.50763
-0.3118101
0.3861375
0.1405425
0.8566914
#276
27.62136
-0.3085128
0.2618437
0.08875656
0.9101539
#277
27.71998
-0.2994642
0.1784629
0.05712642
0.935526
#278
27.81318
-0.2959349
0.1762331
0.05565064
0.9371592
#279
27.90944
-0.287067
0.1706147
0.05204009
0.9411562
#280
28.01123
-0.2809342
0.1703347
0.05073852
0.9431266
#281
28.10515
-0.276643
0.169947
0.0497765
0.9445152
#282
28.21849
-0.2735506
0.170109
0.04922008
0.9454154
#283
28.32397
-0.2681333
0.1672959
0.04733999
0.9475629
#284
28.41475
-0.2008024
-0.05126549
-0.0105233
0.9782329
#285
28.51208
-0.1605894
-0.1728047
-0.0285689
0.9713565
#286
28.60333
-0.1605894
-0.1728047
-0.0285689
0.9713565
#287
28.72318
-0.1604568
-0.1772526
-0.02930426
0.9705547
#288
28.80966
-0.09165755
-0.6234245
-0.0739251
0.7729657
#289
28.91362
-0.03465118
-0.8649063
-0.06029056
0.4970931
#290
29.01125
-0.0267157
-0.9038613
-0.05706414
0.4231604
#291
29.10923
-0.0267157
-0.9038613
-0.05706414
0.4231604
#292
29.20282
-0.02973176
-0.9018006
-0.06286238
0.4265209
#293
29.31434
0.06585555
-0.9190659
-0.1742824
-0.3472846
#294
29.40788
0.1148079
-0.8332391
-0.1887339
-0.5068642
#295
29.50067
0.1148079
-0.8332391
-0.1887339
-0.5068642
#296
29.60129
0.05407726
-0.9452829
-0.2089152
-0.2446845
#297
29.70543
-0.01433316
-0.9647127
-0.2573664
0.05372642
#298
29.80881
-0.01709986
-0.9624757
-0.2635293
0.06245303
#299
29.91386
-0.01870043
-0.960611
-0.2691113
0.06675245
#300
30.00056
-0.01397006
-0.9595593
-0.2769626
0.04840041
#301
30.10908
-0.004448674
-0.9552346
-0.2954662
0.01438245
#302
30.2126
-4.765525E-07
-0.9527941
-0.3036174
1.495489E-06
#303
30.30734
0.005028175
-0.9514671
-0.3073155
-0.01556753
#304
30.41036
0.01729022
-0.9500875
-0.30687
-0.05353154
#305
30.50414
0.09063039
-0.8905787
-0.2035608
-0.396508
#306
30.61319
0.07891446
-0.6255671
-0.06381859
-0.7735409
#307
30.70053
0.07891446
-0.6255671
-0.06381859
-0.7735409
#308
30.81388
0.0772168
-0.645602
-0.06586248
-0.7569001
#309
30.91676
0.05151664
-0.3572156
-0.01973694
-0.9323913
#310
31.0145
0.03738423
0.08361584
0.003139124
-0.9957917
#311
31.10914
0.0600336
0.1812502
0.01108574
-0.9815404
#312
31.20168
0.07924858
0.1346313
0.01080262
-0.9876626
#313
31.30107
0.07924858
0.1346313
0.01080262
-0.9876626
#314
31.409
0.09143119
0.183365
0.01713131
-0.9786338
#315
31.50817
0.08470558
0.4115087
0.03844618
-0.9066463
#316
31.60237
0.07297663
0.6174313
0.05768498
-0.7811053
#317
31.71107
0.05957583
0.7646724
0.07144134
-0.63767
#318
31.80769
0.04933824
0.8267564
0.07342245
-0.5555617
#319
31.91371
0.077277
0.7260578
0.08272383
-0.6782516
#320
32.01337
0.09502803
0.6612514
0.08500154
-0.7392503
#321
32.11242
0.1023913
0.6555996
0.09038891
-0.7426541
#322
32.21794
0.1044556
0.6543887
0.09196834
-0.7432404
#323
32.31702
0.1250644
0.6333542
0.1047091
-0.7564769
#324
32.41575
0.1255595
0.6332856
0.1051237
-0.7563949
#325
32.51123
0.1223514
0.6424292
0.104914
-0.7492049
#326
32.61658
0.03991387
0.840253
0.06244159
-0.537106
#327
32.70897
0.01515407
0.9299374
0.03856947
-0.3653756
#328
32.80615
0.01552813
0.9308393
0.0398275
-0.3629199
#329
32.90753
0.01552813
0.9308393
0.0398275
-0.3629199
#330
33.01324
0.01836545
0.9401436
0.05132779
-0.3363901
#331
33.10691
-0.02122204
0.9680822
0.08788946
0.2337559
#332
33.21294
-0.0785386
0.7714701
0.09711738
0.6238861
#333
33.30962
-0.07184342
0.8095639
0.1013747
0.5737316
#334
33.40835
-0.07329559
0.8012194
0.1003297
0.5853283
#335
33.50202
-0.09640727
0.6259578
0.07838326
0.7698951
#336
33.60931
-0.09504666
0.6245979
0.07696765
0.7713103
#337
33.71662
-0.09474372
0.6276215
0.07734024
0.768852
#338
33.81364
-0.09237262
0.6504818
0.08015725
0.7496103
#339
33.91246
-0.09228539
0.6601312
0.0822237
0.7409112
#340
34.01889
-0.09125575
0.6692938
0.08336496
0.7326449
