#0
0
0
0
0
1
#1
0.1044821
0
0
0
1
#2
0.2057874
0
0
0
1
#3
0.3075133
0
0
0
1
#4
0.4102403
0
0
0
1
#5
0.5142894
0
0
0
1
#6
0.6164057
0
0
0
1
#7
0.7028334
0
0
0
1
#8
0.8057283
0
0
0
1
#9
0.9065833
0
0
0
1
#10
1.007812
0
0
0
1
#11
1.110836
0
0
0
1
#12
1.213995
0
0
0
1
#13
1.300736
0
0
0
1
#14
1.403205
0
0
0
1
#15
1.505768
0
0
0
1
#16
1.607011
0
0
0
1
#17
1.708232
0
0
0
1
#18
1.811272
-0.003271769
-0.02094231
-6.853379E-05
0.9997754
#19
1.914407
-0.02873713
-0.06276449
-0.001807987
0.997613
#20
2.001175
-0.0339408
-0.07123856
-0.002425464
0.9968787
#21
2.103972
-0.0339408
-0.07123856
-0.002425464
0.9968787
#22
2.210184
-0.0339408
-0.07123856
-0.002425464
0.9968787
#23
2.311404
-0.03393597
-0.07319579
-0.002492102
0.9967369
#24
2.412473
0.01037675
-0.1344112
0.001407602
0.9908704
#25
2.514864
0.01616197
-0.1557672
0.002548962
0.9876583
#26
2.616764
-0.1137652
-0.2869836
-0.03434774
0.9505357
#27
2.701719
-0.1725912
-0.334195
-0.06239198
0.9244637
#28
2.80508
-0.1725094
-0.3354049
-0.06261785
0.9240255
#29
2.906877
-0.1731552
-0.334759
-0.06272404
0.9241317
#30
3.008017
-0.1687588
-0.3374631
-0.06163171
0.924035
#31
3.112155
-0.1547993
-0.4419508
-0.07772904
0.8801562
#32
3.215518
-0.1570514
-0.4423215
-0.0789886
0.8794585
#33
3.301093
-0.1509702
-0.4331023
-0.07383706
0.8855385
#34
3.404598
-0.1551423
-0.5110648
-0.09437434
0.8401411
#35
3.506598
-0.1479795
-0.7283272
-0.1663076
0.6480613
#36
3.608167
-0.1488277
-0.7281088
-0.1672608
0.647867
#37
3.711263
-0.1494711
-0.7271507
-0.1675418
0.6487219
#38
3.812455
-0.002511737
-0.991592
-0.1279055
0.01947233
#39
3.915322
0.03334335
-0.959954
-0.1302174
-0.2458049
#40
4.002008
0.0316822
-0.9633734
-0.1319658
-0.2312856
#41
4.104578
0.02138839
-0.9781385
-0.1300772
-0.1608337
#42
4.207005
0.08227409
-0.8236645
-0.1238324
-0.5472415
#43
4.309512
0.1415631
-0.4041733
-0.06347255
-0.9014295
#44
4.412501
0.1431769
-0.3893304
-0.06140272
-0.9078282
#45
4.514418
0.1333727
-0.4123639
-0.06116843
-0.8991252
#46
4.614802
0.1402187
-0.4148075
-0.06486443
-0.8966973
#47
4.70154
0.1581414
-0.4163285
-0.07378463
-0.8923103
#48
4.804324
0.18795
-0.4182122
-0.08889376
-0.8842348
#49
4.911912
0.2049557
-0.4192651
-0.09775893
-0.8790069
#50
5.016036
0.2072301
-0.3868914
-0.08967663
-0.8940519
#51
5.102251
0.1994279
-0.03847082
-0.007835719
-0.9791257
#52
5.20644
0.1796329
0.336713
0.06560288
-0.921983
#53
5.307547
0.1386495
0.5525478
0.09382852
-0.8164946
#54
5.410316
0.1385266
0.553616
0.09400992
-0.8157707
#55
5.513829
0.1366859
0.5211818
0.0849966
-0.8381301
#56
5.615964
0.1179347
0.747763
0.1380836
-0.6386509
#57
5.702406
0.06737245
0.9158823
0.1734717
-0.3557078
#58
5.804819
0.04919922
0.9028633
0.1074602
-0.4133639
#59
5.905869
0.03145308
0.8139248
0.04425871
-0.5784273
#60
6.007572
0.03213125
0.7882696
0.04131148
-0.6131004
#61
6.11088
0.03277617
0.7785422
0.04080169
-0.6254063
#62
6.214291
0.03343938
0.7682051
0.04025995
-0.6380611
#63
6.315711
0.03493852
0.7507824
0.03983961
-0.6584207
#64
6.400911
0.03585377
0.7498671
0.04077545
-0.6593567
#65
6.50189
0.0320092
0.8616554
0.05477699
-0.5035124
#66
6.60434
0.01207106
0.9813015
0.06560807
-0.1805471
#67
6.705803
0.001504699
0.997775
0.0621191
-0.02416891
#68
6.807257
-0.01255262
0.9821055
0.07082897
0.174053
#69
6.908822
-0.04651083
0.8691528
0.08330717
0.4852526
#70
7.010943
-0.07792807
0.740223
0.08711994
0.6621234
#71
7.112637
-0.08552063
0.677008
0.07967991
0.7266343
#72
7.200169
-0.0856249
0.676056
0.07956786
0.7275202
#73
7.301527
-0.0856249
0.676056
0.07956786
0.7275202
#74
7.403391
-0.0856249
0.676056
0.07956786
0.7275202
#75
7.504493
-0.1025337
0.6183212
0.08181528
0.7749013
#76
7.604967
-0.09350527
0.4445322
0.04672221
0.8896432
#77
7.706928
-0.09952758
0.2144677
0.02197393
0.9713985
#78
7.807738
-0.08928374
0.0761977
0.006850735
0.9930637
#79
7.910878
-0.08811089
-0.1319449
-0.01177577
0.9872631
#80
8.013788
-0.08482662
-0.2978537
-0.02658274
0.9504636
#81
8.115709
-0.08428425
-0.4026199
-0.03726133
0.9107167
#82
8.216631
-0.08079628
-0.5201441
-0.04951159
0.8488054
#83
8.302089
-0.06843711
-0.6885552
-0.06554235
0.7189661
#84
8.404312
-0.06011096
-0.7292387
-0.06460176
0.6785456
#85
8.506923
-0.06011096
-0.7292387
-0.06460176
0.6785456
#86
8.608125
-0.06011096
-0.7292387
-0.06460176
0.6785456
#87
8.711989
-0.06158179
-0.7321678
-0.06679355
0.6750383
#88
8.812698
-0.05503104
-0.8158594
-0.07873797
0.5702152
#89
8.912933
-0.04039843
-0.9018039
-0.08643672
0.4214813
#90
9.015873
-0.02190926
-0.968838
-0.09286186
0.2285817
#91
9.101598
-0.006995759
-0.9925512
-0.09972592
0.06962732
#92
9.204728
0.004067812
-0.9939996
-0.1018432
-0.03970222
#93
9.31698
0.02472802
-0.9653882
-0.0995503
-0.2397997
#94
9.414188
0.04933185
-0.8811671
-0.09436403
-0.4606586
#95
9.516736
0.04831875
-0.8456419
-0.07770359
-0.5258492
#96
9.601202
0.04831875
-0.8456419
-0.07770359
-0.5258492
#97
9.702314
0.04708691
-0.8471668
-0.07616653
-0.5237269
#98
9.804528
0.05516862
-0.8540694
-0.09259311
-0.5088697
#99
9.910626
0.06082343
-0.8545776
-0.1028478
-0.5053909
#100
10.01271
0.06446037
-0.853815
-0.1089976
-0.5049399
#101
10.11655
0.06446037
-0.853815
-0.1089976
-0.5049399
#102
10.20166
0.066291
-0.8512052
-0.11093
-0.5086745
#103
10.30423
0.09456097
-0.6975975
-0.09369905
-0.7040145
#104
10.40693
0.08559895
-0.3336584
-0.03043869
-0.9383062
#105
10.511
0.06328394
-0.251955
-0.016514
-0.9655263
#106
10.61405
0.06328394
-0.251955
-0.016514
-0.9655263
#107
10.71668
0.06328394
-0.251955
-0.016514
-0.9655263
#108
10.80272
0.06737388
-0.2347919
-0.0163153
-0.9695708
#109
10.90519
0.07451545
0.027405
0.002048567
-0.9968411
#110
11.00659
0.0730244
0.2003016
0.01497286
-0.9768943
#111
11.11023
0.07166495
0.2744484
0.02051545
-0.9587082
#112
11.21087
0.06993628
0.3451502
0.02580053
-0.9355825
#113
11.31192
0.06291328
0.5348829
0.03998335
-0.8416315
#114
11.41658
0.0456114
0.7887536
0.05896058
-0.610173
#115
11.50282
0.03541834
0.8546933
0.05882916
-0.5145717
#116
11.60668
0.02409999
0.9066353
0.05227626
-0.4179699
#117
11.70949
0.02409999
0.9066353
0.05227626
-0.4179699
#118
11.81338
0.02409999
0.9066353
0.05227626
-0.4179699
#119
11.91693
0.02399541
0.9052968
0.05160462
-0.42095
#120
12.00168
0.02413968
0.9124546
0.05440956
-0.4048252
#121
12.10566
0.007292342
0.991371
0.06302323
-0.1147104
#122
12.21793
0.002117651
0.9974294
0.06340837
-0.03331117
#123
12.30644
0.00409965
0.9950235
0.08814709
-0.04627774
#124
12.4161
0.01354103
0.9819598
0.1720418
-0.07728788
#125
12.50155
0.01325797
0.9791822
0.1907772
-0.06804779
#126
12.60524
0.01141065
0.979338
0.1934701
-0.05776028
#127
12.70682
0.01141065
0.979338
0.1934701
-0.05776028
#128
12.80848
0.002630792
0.985765
0.1673934
-0.01549251
#129
12.91197
-0.06739686
0.844547
0.1095001
0.5198151
#130
13.01417
-0.1035753
0.6443729
0.08869781
0.7524549
#131
13.10011
-0.1041233
0.6221564
0.08398063
0.7713799
#132
13.20302
-0.1132032
0.4445481
0.05675077
0.886759
#133
13.30499
-0.09709482
0.2094387
0.02090476
0.9727646
#134
13.40565
-0.09340348
0.2031455
0.01947123
0.9744889
#135
13.50701
-0.09340348
0.2031455
0.01947123
0.9744889
#136
13.60794
-0.08807684
0.2147161
0.01944624
0.9725026
#137
13.71092
-0.1099916
0.08382323
0.009309706
0.9903479
#138
13.81472
-0.1122378
-0.1554131
-0.01777579
0.9812918
#139
13.90156
-0.1087521
-0.2489955
-0.02814937
0.9619677
#140
14.00367
-0.1007517
-0.4394801
-0.04968398
0.8912002
#141
14.10547
-0.08570757
-0.6423581
-0.07261969
0.7581271
#142
14.20676
-0.07886042
-0.707665
-0.08000274
0.6975607
#143
14.30795
-0.06697842
-0.7977304
-0.0901848
0.5924582
#144
14.40974
-0.05750075
-0.8536292
-0.09650424
0.5086235
#145
14.51318
-0.05559491
-0.8634509
-0.09761461
0.4917654
#146
14.61538
-0.05348535
-0.8723818
-0.09804603
0.4758953
#147
14.7003
-0.05011834
-0.8880692
-0.09980912
0.4459367
#148
14.80306
-0.05006129
-0.8919188
-0.1020156
0.4376842
#149
14.90543
-0.05006129
-0.8919188
-0.1020156
0.4376842
#150
15.00749
-0.05006129
-0.8919188
-0.1020156
0.4376842
#151
15.10929
-0.05052299
-0.894493
-0.1046831
0.4317073
#152
15.21277
-0.02725725
-0.9674667
-0.1190042
0.2215928
#153
15.31631
-0.002722539
-0.9918008
-0.1259531
0.02143827
#154
15.40026
0.01439638
-0.9855341
-0.1251573
-0.1133623
#155
15.50288
0.03615312
-0.9552079
-0.1314842
-0.2626456
#156
15.60718
0.06977073
-0.8886803
-0.1443328
-0.4295897
#157
15.70984
0.07762129
-0.8709835
-0.1461434
-0.4626065
#158
15.81322
0.07519623
-0.8760667
-0.1452283
-0.4536094
#159
15.91565
0.1001773
-0.8711161
-0.1995122
-0.4373969
#160
16.00062
0.1539381
-0.8250208
-0.2686626
-0.4727198
#161
16.10439
0.1657615
-0.8097279
-0.2725036
-0.4925502
#162
16.21053
0.1657615
-0.8097279
-0.2725036
-0.4925502
#163
16.31296
0.1655832
-0.81005
-0.272612
-0.4920204
#164
16.41645
0.1634083
-0.8123683
-0.2710266
-0.4897959
