#0
0
0
0
0
1
#1
0.3733333
0
0
0
1
#2
0.4145892
0
0
0
1
#3
0.4375072
0
0
0
1
#4
0.456238
0
0
0
1
#5
0.5190619
0
0
0
1
#6
0.606867
0
0
0
1
#7
0.7111757
0
0
0
1
#8
0.8088259
0
0
0
1
#9
0.9041421
0
0
0
1
#10
1.017387
0
0
0
1
#11
1.112929
0
0
0
1
#12
1.202542
0
0
0
1
#13
1.311805
0
0
0
1
#14
1.400635
0
0
0
1
#15
1.503737
0
0
0
1
#16
1.610994
0
0
0
1
#17
1.70051
0
0
0
1
#18
1.813573
0
0
0
1
#19
1.90671
0
0
0
1
#20
2.001223
0
0
0
1
#21
2.112286
0
0
0
1
#22
2.213327
0
0
0
1
#23
2.30461
0
0
0
1
#24
2.412949
0
0
0
1
#25
2.501153
0
0
0
1
#26
2.606009
0
0
0
1
#27
2.71123
0
0
0
1
#28
2.800788
0
0
0
1
#29
2.907438
0
0
0
1
#30
3.014631
0
0
0
1
#31
3.118223
0
0
0
1
#32
3.203198
0
0
0
1
#33
3.309691
0
0
0
1
#34
3.401789
0
0
0
1
#35
3.504472
-0.004581081
0.01308946
5.996964E-05
0.9999039
#36
3.60844
-0.007850341
0.03010145
0.0002364211
0.999516
#37
3.711643
-0.01569714
0.03598521
0.0005653008
0.9992289
#38
3.805248
-0.04314676
0.04118327
0.001780097
0.998218
#39
3.914476
-0.07898334
0.05673223
0.004502287
0.9952501
#40
4.015974
-0.08801378
0.07165205
0.006347509
0.9935187
#41
4.115269
-0.08800115
0.07360267
0.00652031
0.9933761
#42
4.200357
-0.07300485
0.07954977
0.005841771
0.9941368
#43
4.302194
-0.06518786
0.08089516
0.00530215
0.9945745
#44
4.41141
-0.06453691
0.08089863
0.005249203
0.994617
#45
4.512709
-0.06649323
0.08023725
0.005364518
0.994541
#46
4.603065
-0.07302357
0.07629605
0.005602832
0.9943918
#47
4.709925
-0.07367438
0.07629237
0.005652766
0.9943438
#48
4.807946
-0.07367438
0.07629237
0.005652766
0.9943438
#49
4.912595
-0.07694685
0.07301991
0.005650625
0.9943417
#50
5.014779
-0.08085871
0.07169591
0.00583149
0.9941265
#51
5.100728
-0.08215996
0.07168822
0.005925335
0.9940199
#52
5.20238
-0.08801372
0.07165207
0.006347506
0.9935187
#53
5.312854
-0.09449155
0.07485791
0.007125587
0.9926817
#54
5.415363
-0.1022749
0.07609798
0.007847179
0.9918102
#55
5.521007
-0.102924
0.07609282
0.007896982
0.991743
#56
5.607164
-0.102924
0.07609282
0.007896982
0.991743
#57
5.716785
-0.102924
0.07609282
0.007896982
0.991743
#58
5.80237
-0.1081153
0.07605044
0.008295293
0.9911906
#59
5.91782
-0.1249659
0.07589827
0.009588175
0.9892073
#60
6.014863
-0.1314441
0.07518698
0.009998693
0.9884176
#61
6.101214
-0.1385771
0.07317407
0.01026766
0.9875913
#62
6.214567
-0.1385838
0.07252768
0.01017696
0.987639
#63
6.315955
-0.1515491
0.06787136
0.01043124
0.9860616
#64
6.403775
-0.1534918
0.06720556
0.01046403
0.9858064
#65
6.502214
-0.1567171
0.06717096
0.0106839
0.9852988
#66
6.611279
-0.1580067
0.06715691
0.01077182
0.9850928
#67
6.700819
-0.1599262
0.06842464
0.01111301
0.984692
#68
6.814589
-0.1663445
0.07028165
0.01188725
0.9834881
#69
6.921952
-0.1689108
0.07089368
0.01218176
0.983003
#70
7.016334
-0.1509926
0.05883928
0.009003673
0.9867412
#71
7.114668
-0.02096154
-0.4030402
-0.009234218
0.9148956
#72
7.208919
-0.009248139
-0.4690605
-0.004912147
0.883104
#73
7.315504
0.00171756
-0.4846178
0.0009515691
0.8747238
#74
7.417033
0.00171756
-0.4846178
0.0009515691
0.8747238
#75
7.502696
0.00171756
-0.4846178
0.0009515691
0.8747238
#76
7.601
-0.06702343
-0.634508
-0.05537274
0.7680114
#77
7.715608
-0.09333776
-0.7492321
-0.1081328
0.6467199
#78
7.815168
-0.09305435
-0.7509227
-0.1083768
0.6447561
#79
7.910624
-0.09092081
-0.746321
-0.1042245
0.6510574
#80
8.00222
-0.0764052
-0.8239135
-0.1145106
0.5497419
#81
8.112101
-0.05861296
-0.8987065
-0.1267048
0.4157367
#82
8.211444
-0.05043716
-0.9254795
-0.1329514
0.3510948
#83
8.321148
-0.04611071
-0.9397759
-0.14066
0.3080743
#84
8.40175
-0.04592656
-0.9401784
-0.1407203
0.306844
#85
8.503315
-0.04485707
-0.9443194
-0.1451337
0.2918646
#86
8.601392
-0.04387413
-0.950918
-0.1595556
0.2614806
#87
8.701934
-0.04396469
-0.951284
-0.1615381
0.2589043
#88
8.807646
-0.04438054
-0.9514244
-0.1647671
0.2562692
#89
8.916224
-0.04403928
-0.9532752
-0.1715213
0.24476
#90
9.017398
-0.0442242
-0.95346
-0.1741327
0.2421487
#91
9.101885
-0.04462677
-0.9533169
-0.1766868
0.2407845
#92
9.212044
-0.04447594
-0.9537117
-0.1780517
0.2382299
#93
9.303438
-0.0450541
-0.9534707
-0.1818843
0.2361818
#94
9.414469
-0.04678372
-0.9521669
-0.1893978
0.2351976
#95
9.514766
-0.04875833
-0.9504962
-0.1968383
0.235445
#96
9.614111
-0.04906649
-0.9502377
-0.1980824
0.235381
#97
9.709955
-0.04922053
-0.9501079
-0.1987043
0.2353488
#98
9.81641
-0.04952857
-0.9498469
-0.1999478
0.2352842
#99
9.914014
-0.05152866
-0.9481113
-0.2080222
0.2348543
#100
10.02112
-0.05396203
-0.9458579
-0.2166304
0.2356105
#101
10.1067
-0.05607579
-0.9437904
-0.2220159
0.2383783
#102
10.20182
-0.05669023
-0.9431965
-0.2238315
0.2388851
#103
10.30496
-0.04862947
-0.9506501
-0.1968703
0.2348227
#104
10.41414
-0.01160815
-0.9860761
-0.07825537
0.1462713
#105
10.51102
-0.01141667
-0.9861777
-0.07696454
0.1462864
#106
10.62193
-0.0115632
-0.9860312
-0.07760242
0.1469242
#107
10.7064
-0.01208828
-0.9871408
-0.09135716
0.1306174
#108
10.80317
-0.009974467
-0.9890643
-0.1236328
0.07979587
#109
10.92117
-0.009285917
-0.989167
-0.1275928
0.07198936
#110
11.01739
-0.007698553
-0.9899858
-0.1276984
0.05968327
#111
11.10765
-0.006528157
-0.990491
-0.1277636
0.05060974
#112
11.21064
-0.005189892
-0.9909667
-0.1278249
0.0402348
#113
11.31155
-0.004687901
-0.9911171
-0.1278443
0.0363431
#114
11.403
-0.004312856
-0.9910625
-0.1291564
0.03309406
#115
11.51001
-0.00439948
-0.990721
-0.1317505
0.03308266
#116
11.60018
-0.004551927
-0.9904385
-0.1336926
0.03372217
#117
11.70212
-0.004596065
-0.9902626
-0.1349889
0.03371618
#118
11.81168
-0.004706376
-0.9898156
-0.1382288
0.03370096
#119
11.90974
-0.004838683
-0.9892651
-0.1421148
0.03368222
#120
12.02159
-0.004948882
-0.9887947
-0.1453514
0.0336662
#121
12.1124
-0.004992946
-0.9886037
-0.1466455
0.0336597
#122
12.20283
-0.005059029
-0.9883139
-0.1485864
0.03364983
#123
12.31484
-0.005367144
-0.9869109
-0.157636
0.03360206
#124
12.40145
-0.005477079
-0.9863897
-0.1608648
0.03358432
#125
12.51172
-0.005847354
-0.9855976
-0.1653747
0.03484897
#126
12.60625
-0.005847354
-0.9855976
-0.1653747
0.03484897
#127
12.71699
-0.005847354
-0.9855976
-0.1653747
0.03484897
#128
12.80173
-0.005870161
-0.9854891
-0.1660198
0.03484513
#129
12.91666
-0.006164555
-0.9845834
-0.1711735
0.03545829
#130
13.0061
0.001941733
-0.9862531
-0.1648211
-0.0116189
#131
13.10736
0.01902164
-0.9809422
-0.1324108
-0.1409185
#132
13.2061
0.02052023
-0.9791541
-0.1295602
-0.155082
#133
13.33043
0.01857407
-0.981384
-0.1305089
-0.1396709
#134
13.42351
0.02212504
-0.9757766
-0.1180821
-0.1828312
#135
13.51945
0.04909484
-0.8794724
-0.09301842
-0.4641829
#136
13.61511
0.05857697
-0.8303406
-0.08892116
-0.5469883
#137
13.71978
0.0654961
-0.7949131
-0.08723275
-0.5968367
#138
13.8116
0.0654961
-0.7949131
-0.08723275
-0.5968367
#139
13.91242
0.07315335
-0.7899122
-0.09611461
-0.6012065
#140
14.01223
0.1007464
-0.5956369
-0.07564262
-0.7933128
#141
14.11236
0.1110997
-0.4992187
-0.0647265
-0.8568828
#142
14.20305
0.112689
-0.4929525
-0.06457029
-0.8603079
#143
14.31069
0.1146483
-0.5105946
-0.06892174
-0.8493519
#144
14.42275
0.1353097
-0.4418358
-0.06761042
-0.8842519
#145
14.51498
0.1501822
-0.3734323
-0.06140291
-0.9133583
#146
14.61006
0.1535338
-0.358884
-0.05997615
-0.9187124
#147
14.71074
0.1541916
-0.3486401
-0.05826421
-0.9226485
#148
14.81545
0.154719
-0.3401713
-0.05684891
-0.9258044
#149
14.9224
0.1548673
-0.3377465
-0.05644368
-0.9266917
#150
15.00271
0.1569835
-0.3327797
-0.05628553
-0.9281411
#151
15.11927
0.161148
-0.3240433
-0.05611767
-0.9305257
#152
15.20661
0.1629748
-0.3239325
-0.05675383
-0.9302075
#153
15.31562
0.1672348
-0.3236691
-0.05823732
-0.9294511
#154
15.40147
0.1725488
-0.3257501
-0.06059482
-0.9276002
#155
15.51325
0.1774033
-0.3254283
-0.06229961
-0.926684
#156
15.6184
0.1817304
-0.3239271
-0.06355204
-0.9262864
#157
15.70875
0.1865779
-0.3235899
-0.06524724
-0.9253222
#158
15.80524
0.1938839
-0.3224626
-0.06765976
-0.9240396
#159
15.92113
0.1956978
-0.3223291
-0.06829279
-0.9236571
#160
16.00639
0.1956978
-0.3223291
-0.06829279
-0.9236571
#161
16.13597
0.1359975
-0.3027656
-0.04369669
-0.9422995
#162
16.21639
0.0747787
-0.1669309
-0.01269815
-0.9830468
#163
16.31609
0.0646144
0.06461509
0.004192643
-0.9958073
#164
16.4065
0.0646144
0.06461509
0.004192643
-0.9958073
#165
16.51559
0.0646144
0.06461509
0.004192643
-0.9958073
#166
16.61027
0.1312278
0.3378596
0.04763351
-0.9307852
#167
16.70617
0.1289322
0.4085521
0.05841853
-0.9016923
#168
16.811
0.1273992
0.4314325
0.06169018
-0.8909712
#169
16.90572
0.1172806
0.5542789
0.07925586
-0.8202065
#170
17.01543
0.09191582
0.7812193
0.1184972
-0.6059755
#171
17.10226
0.09176058
0.7820121
0.1186175
-0.604952
#172
17.20447
0.08934294
0.7700636
0.1106251
-0.621918
#173
17.3161
0.08306035
0.8651249
0.1527397
-0.4704576
#174
17.42077
0.07203466
0.9096342
0.1778452
-0.3684395
#175
17.50479
0.07264628
0.9113168
0.1831334
-0.3615058
#176
17.61302
0.07324009
0.9108394
0.1842782
-0.3620068
#177
17.71131
0.07577026
0.9061472
0.1839463
-0.3732557
#178
17.80964
0.07723476
0.9046827
0.1861164
-0.3754261
#179
17.90062
0.07883253
0.9036992
0.1896161
-0.3757112
#180
18.0121
0.08106014
0.901835
0.1935428
-0.3777091
#181
18.11624
0.08380388
0.8996887
0.1986329
-0.3795816
