#0
0
0
0
0
1
#1
0.3733333
0.001963488
0.002617986
-5.14041E-06
0.9999947
#2
0.4756603
-0.1496769
-0.0614346
-0.00931853
0.9867805
#3
0.5148909
-0.165442
-0.1732959
-0.02954419
0.970425
#4
0.5349464
-0.1647654
-0.1942135
-0.03311032
0.966456
#5
0.5516192
-0.1633102
-0.2169533
-0.03684097
0.9617192
#6
0.6066267
-0.1540496
-0.2448995
-0.03944577
0.9564189
#7
0.7146966
0.01028244
-0.1892993
0.001982412
0.9818636
#8
0.8130205
0.02579595
-0.1699363
0.004449939
0.9851074
#9
0.91623
-0.2287766
-0.3267937
-0.08185756
0.9133272
#10
1.023498
-0.2241407
-0.4371711
-0.1134673
0.8635783
#11
1.112536
-0.2221491
-0.4396536
-0.1131906
0.8628687
#12
1.206838
-0.2197425
-0.4410783
-0.112327
0.8628707
#13
1.327228
-0.2097075
-0.427212
-0.1025645
0.8734948
#14
1.40666
-0.1797538
-0.5750989
-0.1313192
0.7872135
#15
1.502523
-0.1836379
-0.6790966
-0.1814871
0.6871444
#16
1.6161
-0.1957102
-0.6985417
-0.2084102
0.6559742
#17
1.71564
-0.1965687
-0.6982683
-0.2093245
0.6557175
#18
1.812235
-0.1824383
-0.7243299
-0.2094095
0.6310389
#19
1.900171
-0.1102938
-0.8711247
-0.2285353
0.4204149
#20
2.003882
-0.1110619
-0.8693385
-0.2274586
0.4244743
#21
2.104376
-0.1117872
-0.8683544
-0.2278085
0.4261074
#22
2.216812
-0.122874
-0.8531854
-0.232805
0.4503095
#23
2.316635
-0.08781666
-0.9100849
-0.2521751
0.3169251
#24
2.402341
-0.05897271
-0.9396569
-0.26302
0.210684
#25
2.501418
-0.05189431
-0.9449714
-0.2645076
0.185396
#26
2.617095
-0.04981536
-0.9463984
-0.264907
0.1779688
#27
2.71192
-0.03780533
-0.9534678
-0.2668858
0.1350621
#28
2.801746
-0.001061014
-0.9628024
-0.2701783
0.003781009
#29
2.906951
0.001414645
-0.9627966
-0.2701767
-0.005041204
#30
3.016791
0.0001772462
-0.9626325
-0.2708104
-0.0006300457
#31
3.109799
0.0001751834
-0.9635136
-0.2676588
-0.0006306224
#32
3.216509
-0.0003503636
-0.963513
-0.2676586
0.001261233
#33
3.310045
-0.0005267732
-0.9633365
-0.2682889
0.001891468
#34
3.414566
-0.0007040076
-0.9631593
-0.2689189
0.002521471
#35
3.50699
-0.0007040076
-0.9631593
-0.2689189
0.002521471
#36
3.606642
-0.0008861907
-0.9626275
-0.2708091
0.003150085
#37
3.708427
-0.0008903134
-0.9622722
-0.2720689
0.003148923
#38
3.815008
-0.001075789
-0.9617339
-0.2739572
0.003776584
#39
3.901307
0.003693022
-0.9592934
-0.282108
-0.01255792
#40
4.01209
0.02697857
-0.9548148
-0.2814701
-0.09151786
#41
4.100983
0.03762431
-0.9503693
-0.2815123
-0.1270175
#42
4.21119
0.01530594
-0.9607534
-0.2716396
-0.05413509
#43
4.314005
-0.01940898
-0.9710705
-0.2224049
0.08474403
#44
4.411795
-0.02087423
-0.9713222
-0.2177839
0.09309965
#45
4.500566
-0.02163902
-0.9718834
-0.2125713
0.09893434
#46
4.600441
-0.02150949
-0.9721608
-0.2112989
0.09896258
#47
4.712632
-0.02021846
-0.9730788
-0.2094985
0.09391075
#48
4.812578
-0.01988359
-0.9733379
-0.2088877
0.09265002
#49
4.906999
-0.01898271
-0.97439
-0.2051142
0.0901769
#50
5.011286
-0.01784054
-0.9764742
-0.195562
0.08908087
#51
5.104331
-0.01348464
-0.9782146
-0.1959105
0.0673311
#52
5.214867
-0.01258694
-0.9785128
-0.1959702
0.06284876
#53
5.300499
-0.00925048
-0.9794406
-0.196156
0.04618922
#54
5.400885
-0.009122101
-0.9794706
-0.1961621
0.0455482
#55
5.503395
-0.009122101
-0.9794706
-0.1961621
0.0455482
#56
5.612539
-0.009122101
-0.9794706
-0.1961621
0.0455482
#57
5.728007
0.03086765
-0.9676925
-0.2017209
-0.1480778
#58
5.800663
0.07630173
-0.909585
-0.1927162
-0.3601302
#59
5.909419
0.1098465
-0.8127757
-0.1627775
-0.5484823
#60
6.020546
0.1124322
-0.7926733
-0.1539007
-0.5790877
#61
6.1129
0.1103384
-0.7939306
-0.1514504
-0.5784138
#62
6.217057
0.1444243
-0.5391682
-0.09446361
-0.8243276
#63
6.30399
0.1420715
-0.291391
-0.04380869
-0.9449803
#64
6.414385
0.1368925
-0.2518297
-0.03600886
-0.9573639
#65
6.52019
0.03529797
-0.5375633
-0.0225306
-0.842183
#66
6.605145
0.02572981
-0.5964431
-0.01913477
-0.8020146
#67
6.701346
0.02730451
-0.5964044
-0.02030585
-0.8019626
#68
6.801597
0.02944683
-0.5947735
-0.02180938
-0.8030578
#69
6.903007
0.03218318
-0.5910138
-0.02360845
-0.8056734
#70
7.00841
0.04479149
-0.5784052
-0.0318316
-0.8138967
#71
7.102661
0.04479149
-0.5784052
-0.0318316
-0.8138967
#72
7.203735
0.0457419
-0.5676816
-0.03161412
-0.8213683
#73
7.311467
0.04053654
0.03922831
0.001592718
-0.9984065
#74
7.417031
0.01413457
0.190576
0.002744295
-0.9815668
#75
7.515751
0.01541942
0.1905722
0.002993756
-0.9815475
#76
7.609165
0.01541942
0.1905722
0.002993756
-0.9815475
#77
7.713625
0.02685843
0.2123114
0.005837693
-0.9768155
#78
7.815881
0.02296378
0.479868
0.01256581
-0.8769501
#79
7.917887
0.02223859
0.5273317
0.01380869
-0.8492562
#80
8.012825
0.01916409
0.6809671
0.01783178
-0.731846
#81
8.102257
0.02815841
0.8766689
0.05169991
-0.4774787
#82
8.212374
0.03032221
0.900893
0.06378668
-0.4282566
#83
8.316664
0.03032221
0.900893
0.06378668
-0.4282566
#84
8.416427
0.03199553
0.8849778
0.06149569
-0.4604443
#85
8.52711
0.001128333
0.9933249
0.1149317
-0.009751895
#86
8.608199
-0.0263925
0.9668289
0.111866
0.2281037
#87
8.711412
-0.03757463
0.9443428
0.1161599
0.3054698
#88
8.801917
-0.05650324
0.903973
0.1262408
0.404603
#89
8.91407
-0.09934395
0.6786254
0.09341267
0.721715
#90
9.013407
-0.08294589
0.5852116
0.06034673
0.8043666
#91
9.110501
-0.08294589
0.5852116
0.06034673
0.8043666
#92
9.210865
-0.07830573
0.5985702
0.05895405
0.7950511
#93
9.315506
-0.0960954
0.5064166
0.05691561
0.8550255
#94
9.405453
-0.1010471
0.345932
0.0375039
0.9320483
#95
9.50768
-0.1056561
0.1965057
0.02130398
0.9745607
#96
9.611012
-0.1130823
0.09802964
0.0112124
0.9886743
#97
9.710214
-0.1131041
0.0960876
0.01099028
0.988865
#98
9.802464
-0.105354
0.09422732
0.01002842
0.9899097
#99
9.92097
-0.0930813
0.08915371
0.008368641
0.9916236
#100
10.01597
-0.08594982
0.0879123
0.007614034
0.9923841
#101
10.11182
-0.06646428
0.08544226
0.005712519
0.9941074
#102
10.20679
-0.06386506
0.08480594
0.005447
0.9943337
#103
10.31626
-0.06386506
0.08480594
0.005447
0.9943337
#104
10.40073
-0.06372802
-0.1069128
-0.0068669
0.9922003
#105
10.50105
-0.05296282
-0.5069546
-0.03122872
0.8597772
#106
10.61235
-0.03971544
-0.5865496
-0.02881536
0.8084256
#107
10.71722
-0.03971544
-0.5865496
-0.02881536
0.8084256
#108
10.81716
-0.04081233
-0.5854524
-0.02952971
0.8091402
#109
10.91313
-0.05486802
-0.7235125
-0.05789474
0.6856875
#110
11.01263
-0.04502625
-0.9064342
-0.1000713
0.4078425
#111
11.11445
-0.03729894
-0.9446187
-0.1155663
0.3048751
#112
11.21395
-0.0218954
-0.9763315
-0.1194461
0.1789692
#113
11.3162
0.02323519
-0.9744933
-0.1205161
-0.1878798
#114
11.41291
0.0331668
-0.9545214
-0.1161437
-0.2725796
#115
11.51644
0.03369855
-0.9532625
-0.1159906
-0.2769498
#116
11.61306
0.03369855
-0.9532625
-0.1159906
-0.2769498
#117
11.70302
0.0339561
-0.953005
-0.1165923
-0.2775512
#118
11.81467
0.09516612
-0.7244855
-0.1021422
-0.6750047
#119
11.91243
0.1151558
-0.5597897
-0.07892244
-0.81679
#120
12.00158
0.1209475
-0.4945408
-0.06972326
-0.8578693
#121
12.11413
0.1252549
-0.3916504
-0.05391062
-0.9099532
#122
12.20408
0.1310689
-0.3524037
-0.04991919
-0.9252787
#123
12.31682
0.1317073
-0.3517656
-0.05006367
-0.9254231
#124
12.42755
0.1320478
-0.3565726
-0.05098594
-0.9234824
#125
12.50792
0.1661562
0.08443775
0.01428158
-0.9823739
#126
12.6125
0.1272359
0.6374069
0.1078093
-0.7522637
#127
12.7039
0.1059335
0.7652824
0.1304685
-0.6213687
#128
12.81276
0.07901444
0.8691721
0.1475947
-0.465309
#129
12.91752
0.05878605
0.9235023
0.1574425
-0.3448183
#130
13.01262
0.05878605
0.9235023
0.1574425
-0.3448183
#131
13.11294
0.06022619
0.920304
0.1568972
-0.3532657
#132
13.20254
0.03341198
0.9660528
0.1640461
-0.1967602
#133
13.318
-0.008323265
0.9859222
0.1588017
0.05167507
#134
13.4032
-0.01092038
0.9849447
0.1586443
0.06779928
#135
13.51787
-0.009985646
0.985327
0.1587059
0.06199598
#136
13.62199
-0.004125229
0.9865341
0.1615512
0.02519126
#137
13.70409
-0.003178242
0.985709
0.1673839
0.01871639
#138
13.81257
-0.001474454
0.9848478
0.1732122
0.008383431
#139
13.91656
-0.001701256
0.9848359
0.1732101
0.009672977
#140
14.03111
-0.02842689
0.9715037
0.160396
0.1721791
#141
14.11757
-0.08592964
0.8381994
0.1383873
0.520468
#142
14.21583
-0.1137436
0.7062821
0.1166077
0.6889344
#143
14.31083
-0.1386889
0.5567527
0.09491751
0.8135002
#144
14.40328
-0.1396866
0.5743271
0.1002361
0.800368
#145
14.50536
-0.1426492
0.5831745
0.1049297
0.7928105
#146
14.60725
-0.1387621
0.5933337
0.1047543
0.785956
#147
14.71212
-0.1703311
0.3319315
0.06107057
0.9257857
#148
14.80325
-0.1809452
0.005788537
0.001065007
0.9834756
#149
14.91454
-0.1735349
-0.2669963
-0.04894279
0.9466801
#150
15.01698
-0.1555034
-0.413063
-0.07181251
0.8944499
#151
15.11199
-0.1612737
-0.427046
-0.07770369
0.8863322
#152
15.21628
-0.1612737
-0.427046
-0.07770369
0.8863322
#153
15.30977
-0.15897
-0.3987797
-0.07040536
0.9004146
#154
15.41585
-0.1464926
-0.6605995
-0.1336502
0.7240759
#155
15.51115
-0.08360766
-0.8887635
-0.1798116
0.4132516
#156
15.61606
-0.0557298
-0.9416329
-0.1956457
0.2682248
#157
15.70697
-0.02694748
-0.9704616
-0.2016355
0.1296969
#158
15.80579
-0.01263957
-0.9771982
-0.2030352
0.0608336
#159
15.91094
-0.0137918
-0.9769555
-0.2023178
0.06659808
#160
16.00705
-0.02361776
-0.9750792
-0.1794004
0.1283675
#161
16.10019
-0.02361776
-0.9750792
-0.1794004
0.1283675
#162
16.20102
-0.01683592
-0.980526
-0.1698069
0.09721664
#163
16.31209
-0.01628022
-0.9808388
-0.1698611
0.09400779
