Visualisation de la direction de la Caméra : 
#0.3733333%(0.1570777, 0.8821906, 29.99936)
#0.4756603%(-3.553662, 9.896246, 28.42936)
#0.5148909%(-9.796968, 10.94014, 26.55585)
#0.5349464%(-10.9346, 10.94014, 26.10801)
#0.5516192%(-12.1579, 10.90308, 25.57566)
#0.6066267%(-13.68899, 10.41977, 24.97758)
#0.7146966%(-11.15074, 0.3717268, 27.8436)
#0.8130205%(-10.03744, -0.5700793, 28.22738)
#0.91623%(-16.78455, 15.1419, 20.45203)
#1.023498%(-21.12593, 15.59006, 15.51854)
#1.112536%(-21.25309, 15.48701, 15.44127)
#1.206838%(-21.35463, 15.34926, 15.42979)
#1.327228%(-21.09953, 14.61972, 16.41076)
#1.40666%(-25.74723, 14.02157, 8.216988)
#1.502523%(-25.99857, 15.96598, 0.3062982)
#1.6161%(-25.04624, 17.43785, -1.575781)
#1.71564%(-25.00321, 17.50349, -1.573072)
#1.812235%(-25.13256, 17.00844, -3.476252)
#1.900171%(-20.46167, 15.72711, -16.26138)
#2.003882%(-20.62499, 15.69289, -16.08504)
#2.104376%(-20.67277, 15.72711, -15.99215)
#2.216812%(-21.33551, 16.23743, -14.5814)
#2.316635%(-15.97702, 16.43992, -20.15798)
#2.402341%(-10.94758, 16.57439, -23.18597)
#2.501418%(-9.688047, 16.57439, -23.73984)
#2.617095%(-9.313975, 16.57439, -23.88909)
#2.71192%(-7.121261, 16.57439, -24.63181)
#2.801746%(-0.2012221, 16.60794, -25.61937)
#2.906951%(0.268287, 16.60794, -25.61875)
#3.016791%(0.03351014, 16.64146, -25.59968)
#3.109799%(0.03364342, 16.47358, -25.7015)
#3.216509%(-0.06728618, 16.47358, -25.70144)
#3.310045%(-0.1008476, 16.50721, -25.68105)
#3.414566%(-0.1343555, 16.54081, -25.66058)
#3.50699%(-0.1343555, 16.54081, -25.66058)
#3.606642%(-0.1675422, 16.64146, -25.59915)
#3.708427%(-0.1672737, 16.70843, -25.55812)
#3.815008%(-0.200241, 16.80868, -25.496)
#3.901307%(0.6602941, 17.24024, -25.21544)
#4.01209%(4.787337, 17.27325, -24.74395)
#4.100983%(6.60731, 17.33918, -24.27704)
#4.21119%(2.871167, 16.70844, -25.39689)
#4.314005%(-4.678546, 14.05694, -26.60127)
#4.411795%(-5.153021, 13.8089, -26.63416)
#4.500566%(-5.493168, 13.52412, -26.70153)
#4.600441%(-5.499755, 13.45271, -26.73355)
#4.712632%(-5.228809, 13.34544, -26.83747)
#4.812578%(-5.16158, 13.30963, -26.86692)
#4.906999%(-5.038431, 13.09438, -26.98778)
#5.011286%(-5.009775, 12.55303, -27.22921)
#5.104331%(-3.793349, 12.55303, -27.42513)
#5.214867%(-3.541899, 12.55303, -27.45875)
#5.300499%(-2.605503, 12.55303, -27.56337)
#5.400885%(-2.569423, 12.55303, -27.56675)
#5.503395%(-2.569423, 12.55303, -27.56675)
#5.612539%(-2.569423, 12.55303, -27.56675)
#5.728007%(8.224029, 12.98648, -26.2429)
#5.800663%(18.77186, 13.16622, -19.99001)
#5.909419%(25.67475, 12.55303, -10.36024)
#6.020546%(26.50344, 12.22606, -8.458323)
#6.1129%(26.55058, 12.04374, -8.55002)
#6.217057%(25.8485, 11.19908, 11.30636)
#6.30399%(16.14809, 9.821213, 23.69442)
#6.414385%(14.1698, 9.407439, 25.07054)
#6.52019%(27.11588, 3.510338, 12.58679)
#6.605145%(28.67183, 2.922909, 8.615615)
#6.701346%(28.66437, 3.040462, 8.613378)
#6.801597%(28.61972, 3.197149, 8.722639)
#6.903007%(28.52426, 3.392923, 8.980018)
#7.00841%(28.16018, 4.292032, 9.806468)
#7.102661%(28.16018, 4.292032, 9.806468)
#7.203735%(27.88977, 4.331062, 10.53872)
#7.311467%(-2.346074, 3.432065, 29.80907)
#7.417031%(-11.22146, 1.863821, 27.80886)
#7.515751%(-11.22057, 1.942325, 27.80667)
#7.609165%(-11.22057, 1.942325, 27.80667)
#7.713625%(-12.43394, 2.648508, 27.25215)
#7.815881%(-25.2319, 2.570081, 16.15196)
#7.917887%(-26.85196, 2.570081, 13.2856)
#8.012825%(-29.88128, 2.570081, 2.154994)
#8.102257%(-25.0281, 4.526124, -16.16047)
#8.212374%(-23.03275, 5.227039, -18.75165)
#8.316664%(-23.03275, 5.227039, -18.75165)
#8.416427%(-24.33092, 5.149269, -17.05257)
#8.52711%(-0.5734271, 7.850529, -29.20174)
#8.608199%(13.05509, 7.850529, -26.12729)
#8.711412%(17.04621, 8.270359, -23.59171)
#8.801917%(21.51703, 9.218781, -19.22159)
#8.91407%(28.82965, 9.105413, 1.775901)
#9.013407%(27.94315, 7.122071, 9.03884)
#9.110501%(27.94315, 7.122071, 9.03884)
#9.210865%(28.27665, 6.852712, 8.134913)
#9.315506%(25.65178, 7.659221, 14.05848)
#9.405453%(19.11814, 7.429277, 22.20723)
#9.50768%(11.35535, 7.429278, 27.01334)
#9.611012%(5.739088, 7.774041, 28.65616)
#9.710214%(5.626477, 7.774041, 28.67848)
#9.802464%(5.5332, 7.314156, 28.8013)
#9.92097%(5.257677, 6.582862, 29.00325)
#10.01597%(5.195301, 6.157876, 29.09304)
#10.11182%(5.073546, 4.993643, 29.29693)
#10.20679%(5.038652, 4.837907, 29.32375)
#10.31626%(5.038652, 4.837907, 29.32375)
#10.40073%(-6.338476, 4.837907, 29.0705)
#10.50105%(-26.05284, 4.682067, 14.41152)
#10.61235%(-28.38224, 3.940517, 9.262936)
#10.71722%(-28.38224, 3.940517, 9.262936)
#10.81716%(-28.35047, 4.018668, 9.334792)
#10.91313%(-29.57561, 5.770593, -1.588847)
#11.01263%(-21.91059, 7.5443, -19.41902)
#11.11445%(-17.02081, 8.232255, -23.62174)
#11.21395%(-10.32708, 8.232254, -27.22216)
#11.3162%(10.81725, 8.308452, -27.01062)
#11.41291%(15.37986, 8.194137, -24.73266)
#11.51644%(15.60583, 8.194137, -24.5907)
#11.61306%(15.60583, 8.194137, -24.5907)
#11.70302%(15.63292, 8.232254, -24.5623)
#11.81467%(28.75863, 9.294286, -2.036145)
#11.91243%(26.88854, 9.294286, 10.40248)
#12.00158%(24.94911, 9.294286, 14.44807)
#12.11413%(20.97786, 9.105413, 19.85527)
#12.20408%(19.17173, 9.33202, 21.51796)
#12.31682%(19.1363, 9.369737, 21.53485)
#12.42755%(19.35336, 9.407438, 21.32516)
#12.50792%(-4.834589, 10.866, 27.91574)
#12.6125%(-27.94685, 10.866, 4.651408)
#12.7039%(-27.70209, 10.94014, -5.812742)
#12.81276%(-23.56629, 10.90308, -15.70221)
#12.91752%(-18.55111, 10.94014, -21.37873)
#13.01262%(-18.55111, 10.94014, -21.37873)
#13.11294%(-18.93975, 10.94014, -21.0352)
#13.20254%(-11.07598, 10.90308, -26.06247)
#13.318%(2.977551, 10.41978, -28.32671)
#13.4032%(3.902765, 10.41978, -28.21412)
#13.51787%(3.570092, 10.41978, -28.25814)
#13.62199%(1.451136, 10.56878, -28.39599)
#13.70409%(1.075015, 10.90308, -28.29794)
#13.81257%(0.4800606, 11.236, -28.19564)
#13.91656%(0.5538972, 11.236, -28.19428)
#14.03111%(9.762785, 10.64319, -26.67766)
#14.11757%(25.46186, 10.64319, -12.59772)
#14.21583%(28.39912, 10.64319, -0.7063183)
#14.31083%(26.38527, 10.94014, 10.24751)
#14.40328%(26.74028, 11.16214, 9.038161)
#14.50536%(26.84272, 11.45716, 8.373526)
#14.60725%(27.10789, 11.27291, 7.72201)
#14.71212%(17.81371, 11.67768, 21.64853)
#14.80325%(0.3300106, 11.67768, 28.03352)
#14.91454%(-14.65601, 11.64097, 23.91592)
#15.01698%(-21.49783, 11.12518, 18.31186)
#15.11199%(-21.95838, 11.56751, 17.49735)
#15.21628%(-21.95838, 11.56751, 17.49735)
#15.30977%(-20.87249, 11.27291, 18.9422)
#15.41585%(-27.52472, 12.66166, 2.528896)
#15.51115%(-21.13496, 12.66166, -17.81346)
#15.61606%(-14.49996, 12.95047, -23.3867)
#15.70697%(-7.225937, 12.95047, -26.55131)
#15.80579%(-3.412812, 12.95047, -27.30456)
#15.91094%(-3.736382, 12.91444, -27.27794)
#16.00705%(-7.25589, 11.67768, -27.08024)
#16.10019%(-7.25589, 11.67768, -27.08024)
#16.20102%(-5.547875, 11.08821, -27.70288)
#16.31209%(-5.366467, 11.08821, -27.73858)
