#0
0
0
0
0
1
#1
0.3733333
0
0
0
1
#2
0.4267341
0
0
0
1
#3
0.4701317
0
0
0
1
#4
0.4898222
0
0
0
1
#5
0.5135633
0
0
0
1
#6
0.6087517
0
0
0
1
#7
0.7136434
0
0
0
1
#8
0.8144545
0
0
0
1
#9
0.9144173
0
0
0
1
#10
1.011759
0
0
0
1
#11
1.114598
0
0
0
1
#12
1.211912
0
0
0
1
#13
1.31449
0
0
0
1
#14
1.417606
0
0
0
1
#15
1.510173
0
0
0
1
#16
1.600028
0
0
0
1
#17
1.715625
0
0
0
1
#18
1.809157
0
0
0
1
#19
1.925635
0
0
0
1
#20
2.000475
0
0
0
1
#21
2.11644
0
0
0
1
#22
2.206692
0
0
0
1
#23
2.300518
0
0
0
1
#24
2.413072
0
0
0
1
#25
2.51705
0
0
0
1
#26
2.60302
0
0
0
1
#27
2.705388
0
0
0
1
#28
2.814357
0
0
0
1
#29
2.904806
0
0
0
1
#30
3.011285
0
0
0
1
#31
3.104667
0
0
0
1
#32
3.217772
0
0
0
1
#33
3.307367
0
0
0
1
#34
3.413873
0
0
0
1
#35
3.506821
0
0
0
1
#36
3.616025
0
0
0
1
#37
3.715164
0
0
0
1
#38
3.801771
0
0
0
1
#39
3.902623
0
0
0
1
#40
4.015409
0
0
0
1
#41
4.115335
0
0
0
1
#42
4.215464
0
0
0
1
#43
4.310074
0
0
0
1
#44
4.411221
0
0
0
1
#45
4.511414
0
0
0
1
#46
4.600422
-0.06984893
-0.1476555
-0.01045457
0.9865139
#47
4.702234
-0.1021006
-0.4561876
-0.05278271
0.8824298
#48
4.811883
-0.09710128
-0.5080191
-0.05776919
0.8539032
#49
4.914535
-0.08495063
-0.605774
-0.0652733
0.7883912
#50
5.004395
-0.08262752
-0.9169947
-0.2618618
0.2893473
#51
5.102589
-0.07673022
-0.9217589
-0.2398855
0.2948355
#52
5.205766
-0.07673022
-0.9217589
-0.2398855
0.2948355
#53
5.303863
-0.09511135
-0.8896585
-0.2166698
0.3905327
#54
5.408233
-0.09191851
-0.8636819
-0.170622
0.4652878
#55
5.510401
-0.09061808
-0.8565223
-0.1610676
0.4818872
#56
5.614
-0.08788247
-0.8487133
-0.1492693
0.4996811
#57
5.704601
-0.09050641
-0.8397512
-0.147693
0.5146002
#58
5.804984
-0.09050641
-0.8397512
-0.147693
0.5146002
#59
5.90996
-0.09050641
-0.8397512
-0.147693
0.5146002
#60
6.020576
-0.08729161
-0.8378353
-0.1405814
0.5202395
#61
6.132147
-0.08747554
-0.8371536
-0.140467
0.5213357
#62
6.207203
-0.08795699
-0.8341596
-0.1394034
0.5263156
#63
6.302295
-0.08795699
-0.8341596
-0.1394034
0.5263156
#64
6.41518
-0.08795699
-0.8341596
-0.1394034
0.5263156
#65
6.504837
-0.08795699
-0.8341596
-0.1394034
0.5263156
#66
6.614605
-0.08795699
-0.8341596
-0.1394034
0.5263156
#67
6.704035
-0.0880482
-0.833815
-0.1393458
0.5268614
#68
6.803425
-0.08823051
-0.8331246
-0.1392304
0.5279523
#69
6.909596
-0.08823051
-0.8331246
-0.1392304
0.5279523
#70
7.003497
-0.08823051
-0.8331246
-0.1392304
0.5279523
#71
7.120041
-0.08823051
-0.8331246
-0.1392304
0.5279523
#72
7.221345
-0.08823051
-0.8331246
-0.1392304
0.5279523
#73
7.313959
-0.08848453
-0.8333787
-0.1398336
0.5273491
#74
7.430145
-0.04228437
-0.9115638
-0.09701581
0.3973054
#75
7.510656
-0.0405064
-0.9168131
-0.09636095
0.3853927
#76
7.609367
-0.03673514
-0.9262512
-0.09367688
0.363227
#77
7.710703
-0.03343328
-0.932323
-0.08936195
0.3488131
#78
7.814508
-0.03001672
-0.9435622
-0.0891929
0.3175437
#79
7.919063
-0.02844716
-0.9477543
-0.08833764
0.3052031
#80
8.010072
-0.0283315
-0.9481531
-0.08837481
0.3039622
#81
8.104607
-0.0283315
-0.9481531
-0.08837481
0.3039622
#82
8.21541
-0.02807512
-0.9484094
-0.08777262
0.30336
#83
8.308752
-0.02790273
-0.9490032
-0.08782758
0.3014974
#84
8.405339
-0.02761519
-0.9499847
-0.08791841
0.2983904
#85
8.514664
-0.02750007
-0.9503745
-0.08795448
0.2971465
#86
8.616484
-0.02750007
-0.9503745
-0.08795448
0.2971465
#87
8.705251
-0.02750007
-0.9503745
-0.08795448
0.2971465
#88
8.812011
-0.02750007
-0.9503745
-0.08795448
0.2971465
#89
8.912992
-0.02769455
-0.9503168
-0.08857648
0.2971284
#90
9.01501
-0.02769455
-0.9503168
-0.08857648
0.2971284
#91
9.102562
-0.02601873
-0.9567557
-0.09044006
0.2752493
#92
9.209581
0.01835958
-0.9592404
-0.0641331
-0.2746047
#93
9.304377
0.02111195
-0.9464872
-0.06328044
-0.3157719
#94
9.402932
0.02177371
-0.9397882
-0.06097928
-0.3355678
#95
9.508601
0.01870879
-0.958476
-0.06471214
-0.277103
#96
9.612219
0.03757974
-0.9201173
-0.09123175
-0.3790103
#97
9.718493
0.1249309
-0.6999358
-0.1264113
-0.6917386
#98
9.805533
0.1275243
-0.6879824
-0.1247175
-0.7034653
#99
9.91571
0.132635
-0.6579208
-0.1192679
-0.731658
#100
10.0266
0.2097994
-0.1993272
-0.04373377
-0.9562114
#101
10.1153
0.1885616
-0.1185872
-0.02294364
-0.9746051
#102
10.20091
0.1855292
-0.1377687
-0.0262808
-0.972578
#103
10.31347
0.1842388
-0.1384399
-0.02622106
-0.9727296
#104
10.41637
0.1668155
-0.119709
-0.02040848
-0.9784814
#105
10.50638
0.1390111
-0.09125076
-0.01286506
-0.9859938
#106
10.61197
0.1244818
-0.05646655
-0.00709584
-0.9905884
#107
10.70642
0.1219058
-0.05389024
-0.006628823
-0.9910555
#108
10.80233
0.1219058
-0.05389024
-0.006628823
-0.9910555
#109
10.91541
0.1225455
-0.05518341
-0.006824558
-0.990904
#110
11.0048
0.1238241
-0.05776808
-0.007220992
-0.9905949
#111
11.10546
0.1244378
-0.06230094
-0.007829014
-0.9902386
#112
11.20562
0.1276224
-0.06875209
-0.008868332
-0.9893973
#113
11.30023
0.1289115
-0.06938782
-0.009042691
-0.9891842
#114
11.40524
0.1289115
-0.06938782
-0.009042691
-0.9891842
#115
11.50022
0.1295589
-0.06938189
-0.009088103
-0.9890996
#116
11.61571
0.1315007
-0.06936391
-0.009224315
-0.9888433
#117
11.70429
0.1315007
-0.06936391
-0.009224315
-0.9888433
#118
11.80597
0.1341072
-0.06739836
-0.00914256
-0.9886299
#119
11.91522
0.1354132
-0.06609248
-0.009053539
-0.9885409
#120
12.01604
0.1360661
-0.06543963
-0.009007748
-0.9884951
#121
12.11623
0.1360661
-0.06543963
-0.009007748
-0.9884951
#122
12.21577
0.1380067
-0.06542182
-0.00913622
-0.9882261
#123
12.30343
0.1393002
-0.06540979
-0.009221849
-0.9880445
#124
12.41448
0.1393002
-0.06540979
-0.009221849
-0.9880445
#125
12.52672
0.1415054
0.02461777
0.003520066
-0.9896251
#126
12.61375
0.1327845
0.3751293
0.05439115
-0.915799
#127
12.70125
0.09522776
0.5192291
0.05835556
-0.8473061
#128
12.81054
0.09902358
0.7103776
0.1020506
-0.6893066
#129
12.90678
0.1093932
0.7113821
0.1136266
-0.6848779
#130
13.0145
0.13822
0.7629513
0.1736884
-0.6071515
#131
13.11593
0.141471
0.7579913
0.1751702
-0.6121688
#132
13.20458
0.1406095
0.7571297
0.1734058
-0.6139333
#133
13.31448
0.1406095
0.7571297
0.1734058
-0.6139333
#134
13.40348
0.09995615
0.8448495
0.1697761
-0.4974073
#135
13.51782
0.04937988
0.9442166
0.1667032
-0.2796905
#136
13.61644
0.02417287
0.9754312
0.168267
-0.1401283
#137
13.70599
0.01610885
0.9810106
0.1692295
-0.09338181
#138
13.8065
-0.05437608
0.941186
0.1840136
0.2781207
#139
13.90493
-0.09145297
0.8751476
0.1824293
0.438717
#140
14.01268
-0.09138066
0.8758875
0.1831818
0.4369384
#141
14.11293
-0.09068944
0.8764125
0.1820945
0.436484
#142
14.20747
-0.08708669
0.8776436
0.1745741
0.4378145
#143
14.30565
-0.08256696
0.8798888
0.1660578
0.4374966
#144
14.40333
-0.07886139
0.8832383
0.1607106
0.4334089
#145
14.5022
-0.07784323
0.8853198
0.1604908
0.4294088
#146
14.60242
-0.07735272
0.8859863
0.1600128
0.4282999
#147
14.70306
-0.07295519
0.8944789
0.1585257
0.4116487
#148
14.80784
-0.07295519
0.8944789
0.1585257
0.4116487
#149
14.90512
-0.07305897
0.8942093
0.1584779
0.4122342
#150
15.01462
-0.07305897
0.8942093
0.1584779
0.4122342
#151
15.10758
-0.07305897
0.8942093
0.1584779
0.4122342
#152
15.21805
-0.07305897
0.8942093
0.1584779
0.4122342
#153
15.30483
-0.07305897
0.8942093
0.1584779
0.4122342
#154
15.41465
-0.07305897
0.8942093
0.1584779
0.4122342
#155
15.50233
-0.07305897
0.8942093
0.1584779
0.4122342
#156
15.61804
-0.07305897
0.8942093
0.1584779
0.4122342
#157
15.70595
-0.07305897
0.8942093
0.1584779
0.4122342
#158
15.81428
-0.07305897
0.8942093
0.1584779
0.4122342
#159
15.91234
-0.07305897
0.8942093
0.1584779
0.4122342
#160
16.01097
-0.07305897
0.8942093
0.1584779
0.4122342
#161
16.11015
-0.07305897
0.8942093
0.1584779
0.4122342
#162
16.21095
-0.08060128
0.8622591
0.1452597
0.4784478
#163
16.30081
-0.1128628
0.6926787
0.1111041
0.7036434
#164
16.41383
-0.1402535
0.4517606
0.07215812
0.8780857
#165
16.5151
-0.1471396
0.3556927
0.05681355
0.9211975
#166
16.60877
-0.2028421
0.07426431
0.01543009
0.9762694
#167
16.71116
-0.2074394
-0.06588903
-0.01400514
0.9759259
#168
16.80514
-0.2128925
-0.2469183
-0.05570203
0.9437189
#169
16.9144
-0.1936727
-0.4889627
-0.1123242
0.8430834
#170
17.01664
-0.1888616
-0.5269827
-0.1214213
0.8196813
#171
17.10639
-0.1888616
-0.5269827
-0.1214213
0.8196813
#172
17.2184
-0.1845571
-0.5312871
-0.1198525
0.8181125
#173
17.3034
-0.1659063
-0.6128836
-0.1336302
0.7609152
#174
17.40537
-0.09879882
-0.8273183
-0.1538945
0.5311307
#175
17.51408
-0.08532991
-0.8570925
-0.1507429
0.4851679
#176
17.61834
-0.03583149
-0.963423
-0.1674945
0.2061016
#177
17.71465
0.01482458
-0.9820927
-0.1661085
-0.08764824
#178
17.81141
0.01552521
-0.9817892
-0.1653963
-0.09215736
#179
17.90028
0.0131856
-0.9827382
-0.1675411
-0.07734212
#180
18.00064
0.004700136
-0.9825751
-0.1841057
-0.0250847
#181
18.10533
-0.02020897
-0.974449
-0.2011336
0.09790812
#182
18.2229
-0.02974039
-0.9674774
-0.2109441
0.1364018
#183
18.3004
-0.03551455
-0.9621251
-0.2223451
0.1536775
#184
18.40787
-0.03792369
-0.9595327
-0.2296993
0.1584203
#185
18.51527
-0.03661991
-0.9604994
-0.2292661
0.1534174
#186
18.61369
-0.03602096
-0.9611478
-0.2274271
0.1522311
#187
18.7035
-0.03592132
-0.9612965
-0.2267979
0.1522546
#188
18.80026
-0.03516861
-0.9625157
-0.2211085
0.1530938
#189
18.91392
-0.03410483
-0.9641221
-0.2135199
0.153996
#190
19.01492
-0.03353583
-0.9649891
-0.2090787
0.1547825
#191
19.10448
-0.03360528
-0.9650583
-0.2077715
0.15609
#192
19.20504
-0.03350311
-0.9651941
-0.2071398
0.156112
#193
19.30288
-0.03340093
-0.9653295
-0.2065081
0.1561339
#194
19.43171
-0.0341809
-0.964678
-0.2070291
0.1592702
#195
19.50596
-0.0341809
-0.964678
-0.2070291
0.1592702
#196
19.61819
-0.03428514
-0.9645423
-0.2076604
0.1592478
