#0
0
0
0
0
1
#1
0.3733333
0
0
0
1
#2
0.4305528
0
0
0
1
#3
0.4670458
0
0
0
1
#4
0.4872671
0
0
0
1
#5
0.5043049
0
0
0
1
#6
0.6010612
0
0
0
1
#7
0.7029638
0
0
0
1
#8
0.813616
0
0
0
1
#9
0.9135868
0
0
0
1
#10
1.006599
0
0
0
1
#11
1.109986
0
0
0
1
#12
1.202971
0
0
0
1
#13
1.31391
0.001963494
-0.0006544972
1.285104E-06
0.9999979
#14
1.408494
0.001308987
-0.003926978
5.140404E-06
0.9999915
#15
1.515148
-0.02480968
-0.06864702
-0.001707668
0.997331
#16
1.610151
-0.06151165
-0.1412756
-0.008795482
0.9880183
#17
1.705814
-0.07450542
-0.1868415
-0.01421267
0.9794576
#18
1.815611
-0.08363333
-0.317715
-0.02814572
0.9440712
#19
1.908762
-0.07719314
-0.5346791
-0.04913011
0.8400868
#20
2.004166
-0.07233717
-0.6098208
-0.05603467
0.7872396
#21
2.104234
-0.07219946
-0.625591
-0.05830965
0.7746117
#22
2.212663
-0.07219946
-0.625591
-0.05830965
0.7746117
#23
2.316506
-0.07204656
-0.6276168
-0.05849846
0.7729712
#24
2.412263
-0.07204656
-0.6276168
-0.05849846
0.7729712
#25
2.511045
-0.0738332
-0.6304913
-0.06043176
0.7703099
#26
2.612259
-0.07536259
-0.6423081
-0.06368632
0.7600691
#27
2.710091
-0.07729718
-0.6592427
-0.06841683
0.7448109
#28
2.805033
-0.07775887
-0.6839209
-0.07369375
0.7216475
#29
2.903714
-0.07632616
-0.7217838
-0.08064213
0.683154
#30
3.000183
-0.07237746
-0.7659365
-0.08760598
0.6327939
#31
3.112528
-0.06691429
-0.8030113
-0.09184651
0.5850296
#32
3.207155
-0.05158298
-0.9014756
-0.112085
0.4148709
#33
3.30032
-0.03797795
-0.9408448
-0.1126053
0.317315
#34
3.415349
-0.03553764
-0.9461312
-0.1113541
0.301949
#35
3.506088
-0.03561052
-0.9459333
-0.1113308
0.3025683
#36
3.600171
-0.03546475
-0.9463285
-0.1113773
0.3013297
#37
3.713377
-0.02924213
-0.9621171
-0.1145126
0.2456878
#38
3.812345
-0.02369104
-0.9735267
-0.1191029
0.1936465
#39
3.902613
-0.02337914
-0.9740304
-0.1191645
0.1910971
#40
4.000198
-0.02330115
-0.9741552
-0.1191798
0.1904596
#41
4.114089
-0.01828998
-0.9812763
-0.120051
0.1494992
#42
4.213827
-0.01293066
-0.9869561
-0.1207458
0.105693
#43
4.312054
-0.008735234
-0.9900279
-0.1211216
0.07140032
#44
4.410655
0.001112684
-0.9925576
-0.1214311
-0.009094888
#45
4.505535
0.01852564
-0.9809809
-0.1200148
-0.1514255
#46
4.601546
0.04120982
-0.9336973
-0.1142301
-0.3368421
#47
4.705874
0.0534959
-0.8910956
-0.1090181
-0.4372665
#48
4.801779
0.0534959
-0.8910956
-0.1090181
-0.4372665
#49
4.920288
0.0517172
-0.8928742
-0.1062712
-0.4345198
#50
5.012261
0.09325042
-0.7341979
-0.1030214
-0.6645633
#51
5.108109
0.1192422
-0.5714828
-0.08438922
-0.8075068
#52
5.20885
0.1359185
-0.4629306
-0.07207914
-0.872941
#53
5.301652
0.1409941
-0.3953855
-0.06156224
-0.9055391
#54
5.417918
0.1538165
0.02004611
0.003121216
-0.9878912
#55
5.512441
0.1555282
0.1385118
0.02203105
-0.9778242
#56
5.608491
0.1561681
0.1384974
0.0221217
-0.9777222
#57
5.715502
0.1561681
0.1384974
0.0221217
-0.9777222
#58
5.813253
0.1578174
0.1211735
0.01951732
-0.9798111
#59
5.908198
0.1659441
0.09792846
0.01656336
-0.9811209
#60
6.004256
0.1880258
0.08089368
0.01554106
-0.9787037
#61
6.104426
0.2107121
0.06009804
0.01297993
-0.9756127
#62
6.215994
0.2076809
0.04607647
0.009793853
-0.9770618
#63
6.312057
0.1987658
0.04103764
0.008330556
-0.979152
#64
6.408353
0.1955711
0.03978194
0.007940189
-0.9798502
#65
6.500187
0.1955711
0.03978194
0.007940189
-0.9798502
#66
6.615961
0.1930051
0.03980259
0.007836012
-0.9803588
#67
6.705456
0.1910798
0.0398179
0.007757845
-0.9807359
#68
6.812202
0.1891435
0.04111745
0.007927272
-0.9810562
#69
6.906763
0.1891435
0.04111745
0.007927272
-0.9810562
#70
7.015373
0.1891435
0.04111745
0.007927272
-0.9810562
#71
7.108859
0.189133
0.042402
0.008174928
-0.9810015
#72
7.202312
0.1897641
0.04368073
0.008451118
-0.9808212
#73
7.312291
0.1929672
0.04429432
0.008720307
-0.9801661
#74
7.406538
0.1955326
0.04427134
0.008836241
-0.9796576
#75
7.500156
0.2000189
0.04423039
0.009038977
-0.9787515
#76
7.614664
0.2051527
0.04290247
0.009001872
-0.9777478
#77
7.710879
0.2090026
0.0415878
0.008896671
-0.9769899
#78
7.816585
0.2090026
0.0415878
0.008896671
-0.9769899
#79
7.909608
0.2090026
0.0415878
0.008896671
-0.9769899
#80
8.005721
0.2090026
0.0415878
0.008896671
-0.9769899
#81
8.104726
0.2096054
0.04541773
0.009747081
-0.9766821
#82
8.208294
0.176606
0.1982024
0.03633224
-0.9634345
#83
8.3053
0.1596754
0.2296488
0.03822404
-0.9593248
#84
8.42034
0.1469494
0.2794213
0.04331912
-0.9478676
#85
8.505014
0.146921
0.2800418
0.04341532
-0.9476845
#86
8.611959
0.1489246
0.2768542
0.04347797
-0.9483053
#87
8.711274
0.1496873
0.2737211
0.04316954
-0.9491085
#88
8.810837
0.1496873
0.2737211
0.04316954
-0.9491085
#89
8.91129
0.1484448
0.2737774
0.0428112
-0.9493036
#90
9.005845
0.1459865
0.2732668
0.04199874
-0.9498681
#91
9.100222
0.1454466
0.2714281
0.04153432
-0.9504983
#92
9.21457
0.1448516
0.270833
0.04126187
-0.9507707
#93
9.308585
0.1448516
0.270833
0.04126187
-0.9507707
#94
9.406879
0.1455009
0.2701834
0.04134386
-0.9508529
#95
9.513412
0.1486118
0.2700467
0.04222782
-0.9503716
#96
9.61185
0.1529643
0.2698504
0.04346459
-0.9496807
#97
9.701863
0.1560713
0.2697068
0.04434745
-0.9491751
#98
9.805226
0.1579347
0.2696191
0.04487693
-0.9488668
#99
9.910458
0.1579347
0.2696191
0.04487693
-0.9488668
#100
10.01492
0.1579347
0.2696191
0.04487693
-0.9488668
#101
10.113
0.1578759
0.2708609
0.04508361
-0.9485131
#102
10.20041
0.05708493
0.4870038
0.03191992
-0.8709477
#103
10.30712
-0.006837355
0.6656895
-0.00609987
-0.7461726
#104
10.40041
-0.007423254
0.7448468
-0.008287861
-0.6671427
#105
10.50632
-0.004585461
0.7709094
-0.005550246
-0.6369042
#106
10.61576
-0.004585461
0.7709094
-0.005550246
-0.6369042
#107
10.70735
-0.004585461
0.7709094
-0.005550246
-0.6369042
#108
10.80447
0.007240693
0.8873032
0.01393887
-0.4609189
#109
10.90853
0.005259298
0.9606661
0.01823607
-0.277057
#110
11.01236
0.005864035
0.9826297
0.03152416
-0.182786
#111
11.10699
0.005822768
0.9828681
0.03153181
-0.1814997
#112
11.20058
0.005941558
0.9828473
0.03217509
-0.1814958
#113
11.30203
0.007604307
0.9825113
0.04117941
-0.1814333
#114
11.41614
0.01046683
0.9891554
0.1164178
-0.08893243
#115
11.50943
0.009520037
0.9823467
0.1794084
-0.05212676
#116
11.60594
0.00354921
0.9794662
0.2008329
-0.01730958
#117
11.71607
-0.00548619
0.9763073
0.2148784
0.02492669
#118
11.81293
-0.01270431
0.973725
0.2203315
0.05614498
#119
11.91144
-0.01649933
0.9724844
0.2207199
0.07269549
#120
12.01656
-0.01808802
0.9719358
0.2205954
0.07969521
#121
12.10994
-0.01852116
0.9717774
0.2205595
0.08160357
#122
12.20585
-0.01846774
0.9719216
0.2199234
0.08161567
#123
12.31563
-0.01889965
0.9717594
0.2198867
0.08352446
#124
12.40681
-0.01918745
0.9716492
0.2198618
0.08479633
#125
12.51156
-0.01935391
0.9712157
0.2217692
0.08475849
#126
12.61676
-0.01979744
0.9700412
0.2268514
0.08465599
#127
12.70986
-0.02071256
0.9682713
0.2338024
0.0857792
#128
12.81916
-0.02165654
0.9660321
0.2426505
0.08621828
#129
12.9012
-0.02171297
0.9658732
0.2432828
0.08620409
#130
13.01187
-0.02182579
0.9655539
0.2445469
0.0861756
#131
13.10543
-0.02182579
0.9655539
0.2445469
0.0861756
#132
13.21341
-0.02625813
0.9691173
0.2146264
0.1185651
#133
13.30137
-0.04203889
0.9485303
0.1426052
0.2796193
#134
13.41679
-0.04476139
0.9366567
0.1301802
0.3220618
#135
13.5068
-0.04476139
0.9366567
0.1301802
0.3220618
#136
13.61271
-0.06331105
0.9005517
0.1402176
0.406617
#137
13.70421
-0.09587797
0.7727529
0.1203191
0.615779
#138
13.82412
-0.1169688
0.5831609
0.08533388
0.7993497
#139
13.90951
-0.1157185
0.5899975
0.08593988
0.7944347
#140
14.00521
-0.1157185
0.5899975
0.08593988
0.7944347
#141
14.1119
-0.1231947
0.513724
0.07482978
0.8457608
#142
14.20096
-0.1460585
0.01812708
0.002676775
0.9891062
#143
14.30264
-0.141766
-0.0770169
-0.01106401
0.9868376
#144
14.41356
-0.1424118
-0.07700964
-0.01111441
0.9867446
#145
14.50507
-0.1479362
-0.0343001
-0.005133835
0.9883887
#146
14.61502
-0.1777177
0.08426018
0.01527469
0.9803486
#147
14.70838
-0.1904597
0.1191785
0.0233009
0.9741554
#148
14.80981
-0.1976544
0.1564312
0.03196848
0.9671815
#149
14.90218
-0.2042777
0.1656705
0.03510104
0.9641535
#150
15.00359
-0.2175948
0.1927247
0.04387442
0.9558163
#151
15.11202
-0.2187001
0.1957935
0.04484271
0.9548949
#152
15.20682
-0.2222064
0.2006096
0.0467756
0.9529912
#153
15.30835
-0.2228301
0.2005789
0.04690688
0.9528455
#154
15.40749
-0.2328568
0.2106051
0.0517296
0.9480228
#155
15.51298
-0.2346493
0.2117433
0.0524502
0.9472874
#156
15.61492
-0.2370938
0.212225
0.0531596
0.9465312
#157
15.70931
-0.2389518
0.2121202
0.0535762
0.9460638
#158
15.80909
-0.1969963
0.08010824
0.01615266
0.9769924
#159
15.92004
-0.165478
0.0006450287
0.0001082302
0.9862133
#160
16.0159
-0.1563295
-0.03619338
-0.005732472
0.987025
#161
16.11017
-0.147883
-0.04335504
-0.006489128
0.9880328
#162
16.20702
-0.1335381
-0.0583426
-0.007875274
0.9892936
#163
16.30609
-0.1250808
-0.06294478
-0.00795178
0.9901159
#164
16.40631
-0.117919
-0.06689128
-0.007961507
0.9907358
#165
16.51522
-0.1172494
-0.06949098
-0.008224806
0.9906341
#166
16.61505
-0.117233
-0.07143606
-0.008455021
0.9904957
#167
16.7095
-0.1178812
-0.07143051
-0.008501775
0.9904189
#168
16.80429
-0.1224176
-0.07139081
-0.008828942
0.9898683
#169
16.9155
-0.1269392
-0.07264494
-0.009322146
0.9892029
#170
17.0076
-0.1308165
-0.07325505
-0.009692997
0.988649
#171
17.10533
-0.1385637
-0.07446928
-0.01044941
0.9874944
#172
17.20092
-0.1463151
-0.07438491
-0.01103396
0.9863757
#173
17.30435
-0.1521228
-0.07431863
-0.01147194
0.9854968
#174
17.40924
-0.1572807
-0.07425754
-0.01186091
0.9846867
#175
17.51573
-0.1617904
-0.07420243
-0.01220099
0.9839558
#176
17.62023
-0.1688701
-0.07411265
-0.01273489
0.9827655
#177
17.70452
-0.1714167
-0.07600828
-0.01326558
0.9821727
