#0
0
0
0
0
1
#1
0.3733333
0.2895101
0.09377792
-0.02851426
0.9521431
#2
0.4721317
0.2184514
-0.05361894
0.01202211
0.9742995
#3
0.544143
0.1784181
-0.08040095
0.01462945
0.9805553
#4
0.5778182
0.1771249
-0.08106193
0.01464012
0.9807351
#5
0.6046503
0.1336068
-0.1087384
0.01475033
0.9849404
#6
0.6264781
0.1309991
-0.1107111
0.01472285
0.9850714
#7
0.7208419
0.1290836
-0.1094499
0.01433648
0.9854708
#8
0.8081171
0.09810752
-0.1059614
0.01050632
0.9894629
#9
0.9166303
-0.01173272
-0.3313123
-0.004120238
0.9434392
#10
1.018294
-0.06226401
-0.4552031
-0.0319307
0.8876338
#11
1.100821
-0.06398527
-0.4557203
-0.03286632
0.8872118
#12
1.207347
-0.06419901
-0.4499038
-0.03244684
0.8901755
#13
1.301127
-0.04578102
-0.4411262
-0.02253947
0.8959932
#14
1.401586
-0.05014304
-0.7623224
-0.05949407
0.6425036
#15
1.517983
-0.04917713
-0.8570384
-0.08327834
0.5060943
#16
1.606619
-0.04764703
-0.8714024
-0.08640156
0.4805439
#17
1.706382
-0.04713726
-0.8742179
-0.08668073
0.4754026
#18
1.813834
-0.04676973
-0.8745854
-0.08613915
0.474861
#19
1.918355
-0.04024937
-0.8695309
-0.07187045
0.4869606
#20
2.007741
-0.03848952
-0.8640959
-0.06686784
0.4973788
#21
2.134832
-0.03853329
-0.8637701
-0.06684262
0.4979443
#22
2.212254
-0.03807716
-0.8647898
-0.06635217
0.4962723
#23
2.302823
-0.04063312
-0.8891434
-0.08052722
0.4486517
#24
2.450402
-0.04244223
-0.9340423
-0.1186181
0.3342057
#25
2.516595
-0.04180825
-0.9378108
-0.1215923
0.3224565
#26
2.60593
-0.04180825
-0.9378108
-0.1215923
0.3224565
#27
2.70072
-0.04305756
-0.9349537
-0.1218441
0.3303961
#28
2.825262
-0.002298337
-0.990693
-0.1350475
0.01686033
#29
2.907347
0.00933296
-0.9890834
-0.1282401
-0.07198277
#30
3.010682
0.0109269
-0.9881118
-0.1281141
-0.08427645
#31
3.129745
0.01618971
-0.9837889
-0.1295183
-0.122973
#32
3.2075
0.04283305
-0.9388358
-0.126727
-0.3173214
#33
3.308217
0.06345934
-0.858404
-0.1095834
-0.4970986
#34
3.445874
0.06299122
-0.8591256
-0.1091041
-0.4960159
#35
3.51941
0.06320709
-0.8609229
-0.1104777
-0.4925559
#36
3.614537
0.06326656
-0.8633443
-0.1119373
-0.4879591
#37
3.726693
0.07028607
-0.772284
-0.08679613
-0.6253828
#38
3.824356
0.07973735
-0.6916098
-0.0772709
-0.7136856
#39
3.906891
0.08573017
-0.6521365
-0.07458982
-0.7495363
#40
4.012278
0.09450105
-0.638042
-0.07933097
-0.7600517
#41
4.101787
0.09450105
-0.638042
-0.07933097
-0.7600517
#42
4.243849
0.09326351
-0.6357052
-0.07777323
-0.7623202
#43
4.308194
0.09652083
-0.553425
-0.06476769
-0.8247483
#44
4.450491
0.09240068
-0.4544324
-0.04746206
-0.8847037
#45
4.516456
0.09375829
-0.4281823
-0.04472044
-0.8977023
#46
4.614718
0.09531708
-0.3818419
-0.03962791
-0.9184449
#47
4.700513
0.1127113
-0.1643938
-0.01891198
-0.9797516
#48
4.814457
0.1173996
-0.04807846
-0.00569046
-0.991904
#49
4.934531
0.117392
-0.04937674
-0.005844121
-0.9918402
#50
5.016902
0.1126496
-0.07666004
-0.008717365
-0.9906348
#51
5.106353
0.1112105
0.09157657
0.01029219
-0.9895151
#52
5.234195
0.03071451
0.3909146
0.01305334
-0.9198217
#53
5.305665
0.02972256
0.417841
0.01367869
-0.9079308
#54
5.450593
0.02795339
0.5194271
0.01700428
-0.8538882
#55
5.517174
0.04172953
0.6876867
0.03965175
-0.7237219
#56
5.614384
0.03404832
0.8049782
0.04641474
-0.5905054
#57
5.705915
0.03386577
0.807291
0.04654809
-0.5873395
#58
5.814904
0.03285944
0.8054543
0.0448556
-0.5900439
#59
5.905142
0.03725214
0.7890919
0.04809013
-0.6112558
#60
6.015285
0.04525004
0.7883949
0.0584149
-0.6107157
#61
6.119118
0.06208732
0.7946301
0.08246747
-0.5982535
#62
6.204642
0.07317567
0.7990002
0.09934372
-0.5885361
#63
6.317441
0.08029715
0.8006966
0.1102157
-0.5833438
#64
6.446855
0.08327549
0.8004899
0.1144612
-0.5823914
#65
6.512986
0.08594283
0.7999571
0.1181274
-0.5820038
#66
6.618225
0.09443817
0.799227
0.1303414
-0.5790759
#67
6.70166
0.09880435
0.7989349
0.1367438
-0.577271
#68
6.800845
0.1040897
0.7976484
0.1440586
-0.5763415
#69
6.907633
0.1067291
0.79698
0.1477115
-0.5758585
#70
7.002142
0.1089079
0.7953607
0.1501053
-0.5770691
#71
7.130717
0.1089696
0.7977984
0.1516471
-0.5732771
#72
7.217422
0.09621237
0.8419788
0.160045
-0.5061625
#73
7.318799
0.07832766
0.8865742
0.1631167
-0.4257275
#74
7.410081
0.07092653
0.9002076
0.1601488
-0.398683
#75
7.506553
0.06260774
0.9138765
0.1545706
-0.3701593
#76
7.638889
0.06032016
0.9160229
0.1506201
-0.3668476
#77
7.700531
0.05701701
0.9187567
0.1442842
-0.3630666
#78
7.830237
0.0522972
0.9231892
0.1357074
-0.3557671
#79
7.907098
0.05024851
0.9284399
0.1364792
-0.3418303
#80
8.016804
0.04620761
0.9381036
0.1378998
-0.3143408
#81
8.11418
0.04620761
0.9381036
0.1378998
-0.3143408
#82
8.214779
0.04620761
0.9381036
0.1378998
-0.3143408
#83
8.317833
0.0455903
0.9383726
0.1360575
-0.314431
#84
8.434513
0.03949103
0.9506245
0.1359287
-0.2761826
#85
8.500922
0.03132996
0.9653785
0.1380384
-0.2191077
#86
8.614014
0.0231738
0.9764302
0.1370111
-0.1651517
#87
8.709755
0.0200088
0.9799364
0.134888
-0.1453602
#88
8.807242
0.01850676
0.9814931
0.1351023
-0.1344482
#89
8.907031
0.01614867
0.9837477
0.133445
-0.1190469
#90
9.011292
0.009703444
0.9889262
0.1275616
-0.07522633
#91
9.114522
0.008490913
0.9896572
0.1269974
-0.06616742
#92
9.224105
0.008490913
0.9896572
0.1269974
-0.06616742
#93
9.312976
0.009448634
0.9895901
0.1210681
-0.07723154
#94
9.434262
0.005518461
0.9912953
0.1239116
-0.0441478
#95
9.523184
-0.008480314
0.9898989
0.1243951
0.06748379
#96
9.622814
-0.0163386
0.9836066
0.1216431
0.132114
#97
9.710482
-0.020247
0.9781323
0.1151205
0.1720306
#98
9.802274
-0.02689746
0.9630338
0.1050441
0.2465932
#99
9.925957
-0.03240456
0.9321529
0.08626806
0.3501412
#100
10.02561
-0.03145405
0.9245313
0.07824442
0.371659
#101
10.10268
-0.03063293
0.9283726
0.07856952
0.3619569
#102
10.21781
-0.02931853
0.9313396
0.07697916
0.3547131
#103
10.31602
-0.05223766
0.8503475
0.08600027
0.5165119
#104
10.43854
-0.06750391
0.7453424
0.07636629
0.6588446
#105
10.52385
-0.0748907
0.674787
0.06913733
0.7309405
#106
10.61481
-0.07750396
0.6460656
0.06619459
0.7564461
#107
10.71329
-0.08024903
0.61331
0.06283852
0.7832384
#108
10.81842
-0.09322496
0.4387279
0.04582184
0.8925959
#109
10.93471
-0.09164453
0.3975479
0.03994334
0.9121192
#110
11.00125
-0.09156591
0.3993386
0.04012327
0.9113367
#111
11.10253
-0.1071214
0.3974066
0.04677243
0.9101678
#112
11.20312
-0.1371252
0.3724797
0.05575053
0.916159
#113
11.31314
-0.1574198
0.3544357
0.06066437
0.919736
#114
11.40175
-0.1811811
0.340201
0.06697603
0.9202994
#115
11.5096
-0.199215
0.3388204
0.07364251
0.9165646
#116
11.62557
-0.2237277
0.3302091
0.08087801
0.9134367
#117
11.72989
-0.2268228
0.3287478
0.08166136
0.9131308
#118
11.8169
-0.2286153
0.3285868
0.0823067
0.9126837
#119
11.90361
-0.2321976
0.328261
0.08359641
0.9117788
#120
12.02328
-0.2351247
0.3285821
0.08482414
0.9107991
#121
12.10602
-0.2390112
0.3311653
0.08711128
0.9086335
#122
12.22974
-0.2416935
0.3338481
0.08898611
0.9067587
#123
12.31562
-0.2445415
0.3347406
0.0903983
0.9055254
#124
12.41495
-0.247915
0.3361591
0.09219923
0.9038997
#125
12.51992
-0.2415768
0.3350351
0.0893025
0.9063207
#126
12.62477
-0.1853436
0.3061315
0.06089335
0.931785
#127
12.73853
-0.143445
0.2746215
0.04147132
0.9498877
#128
12.81024
-0.1291891
0.2571211
0.03470702
0.957076
#129
12.90205
-0.1285627
0.2571438
0.03453873
0.9571603
#130
13.04271
-0.1284946
0.2590224
0.03479105
0.9566537
#131
13.10206
-0.1290288
0.2615028
0.03529847
0.955888
#132
13.206
-0.1322989
0.2400831
0.03304739
0.9611269
#133
13.3234
-0.1367311
0.1491682
0.02083149
0.9790912
#134
13.4078
-0.1357809
0.1325104
0.01832841
0.9816663
#135
13.5353
-0.1296513
0.1146001
0.01508738
0.9847994
#136
13.6152
-0.1192572
0.1199135
0.01451113
0.9854887
#137
13.71046
-0.1065741
0.1484513
0.0160942
0.9830286
#138
13.81845
-0.1021995
0.1780495
0.01859594
0.9785233
#139
13.90899
-0.1013214
0.1902168
0.01974088
0.9763001
#140
14.0341
-0.1008282
0.2131654
0.02212251
0.9715477
#141
14.10012
-0.1003744
0.2321991
0.02409785
0.9671752
#142
14.20214
-0.1000669
0.2442086
0.0253442
0.9642129
#143
14.30619
-0.09996663
0.2479938
0.02573704
0.9632463
#144
14.40049
-0.09988185
0.2511452
0.02606409
0.9624294
#145
14.51862
-0.09956786
0.2624661
0.02723898
0.9594039
#146
14.60746
-0.09992184
0.2718534
0.02839306
0.9567159
#147
14.70778
-0.1009645
0.2786956
0.02947652
0.9546026
#148
14.80586
-0.1009452
0.27932
0.02954256
0.95442
#149
14.9018
-0.1009258
0.2799449
0.02960865
0.954237
#150
15.00185
-0.10771
0.28222
0.03190545
0.95275
#151
15.12263
-0.1183039
0.2818476
0.03504353
0.9514926
#152
15.21249
-0.1263952
0.2815392
0.03744032
0.9504516
#153
15.32272
-0.1307484
0.2813647
0.03872979
0.9498625
#154
15.40211
-0.1307484
0.2813647
0.03872979
0.9498625
#155
15.51468
-0.13137
0.2813393
0.03891393
0.9497768
#156
15.60668
-0.1479896
0.2700779
0.04205164
0.9504676
#157
15.70631
-0.1972991
0.05899259
0.01189499
0.9784945
#158
15.83063
-0.2136658
-0.1065321
-0.02344698
0.9707977
#159
15.91666
-0.2142619
-0.1508159
-0.03350412
0.9644812
#160
16.00909
-0.211948
-0.2067093
-0.04592099
0.9540653
#161
16.10776
-0.2047527
-0.2263462
-0.04873107
0.9510358
#162
16.23087
-0.1977571
-0.2415913
-0.05036104
0.9486778
#163
16.35083
-0.1963834
-0.2441408
-0.05055912
0.9482999
#164
16.4179
-0.1943892
-0.2467232
-0.05058889
0.9480407
#165
16.51471
-0.1942896
-0.2485838
-0.05097041
0.9475546
#166
16.60141
-0.1942896
-0.2485838
-0.05097041
0.9475546
#167
16.70224
-0.1839227
-0.2454041
-0.04747951
0.9506288
#168
16.8018
-0.1827704
-0.2435984
-0.04679943
0.9513488
#169
16.91088
-0.1827704
-0.2435984
-0.04679943
0.9513488
#170
17.01319
-0.1847437
-0.2651572
-0.05184155
0.9449201
#171
17.13491
-0.188866
-0.279061
-0.05607849
0.9398456
#172
17.21186
-0.1900591
-0.2796024
-0.05656819
0.9394148
#173
17.30348
-0.1906739
-0.2795653
-0.05675118
0.9392902
#174
17.4265
-0.191647
-0.2629238
-0.05337298
0.9440836
#175
17.51336
-0.1917167
-0.2616874
-0.05312199
0.9444271
#176
17.61418
-0.1917167
-0.2616874
-0.05312199
0.9444271
#177
17.72229
-0.1917861
-0.2604505
-0.05287091
0.9447689
#178
17.81507
-0.1931613
-0.2579072
-0.05270622
0.9451956
#179
17.93001
-0.1971156
-0.2533686
-0.0528161
0.9456005
#180
18.01499
-0.2073681
-0.2355039
-0.05150963
0.9480945
#181
18.13896
-0.2087775
-0.2323332
-0.05113491
0.9485877
#182
18.21776
-0.2089106
-0.2298491
-0.05058819
0.9491926
#183
18.31557
-0.2089106
-0.2298491
-0.05058819
0.9491926
#184
18.40221
-0.2089106
-0.2298491
-0.05058819
0.9491926
#185
18.51598
-0.2089106
-0.2298491
-0.05058819
0.9491926
#186
18.61802
-0.2082773
-0.2180902
-0.04770091
0.952251
#187
18.70239
-0.2059062
-0.2157194
-0.04659092
0.9533609
#188
18.80404
-0.1999822
-0.2091406
-0.04373937
0.9562187
#189
18.94642
-0.1999822
-0.2091406
-0.04373937
0.9562187
#190
19.0133
-0.1999822
-0.2091406
-0.04373937
0.9562187
#191
19.11403
-0.1999822
-0.2091406
-0.04373937
0.9562187
#192
19.20096
-0.1999822
-0.2091406
-0.04373937
0.9562187
#193
19.30781
-0.1999822
-0.2091406
-0.04373937
0.9562187
#194
19.42652
-0.1999822
-0.2091406
-0.04373937
0.9562187
#195
19.50998
-0.1999822
-0.2091406
-0.04373937
0.9562187
#196
19.62611
-0.1999822
-0.2091406
-0.04373937
0.9562187
#197
19.70676
-0.1999822
-0.2091406
-0.04373937
0.9562187
#198
19.80258
-0.1534683
-0.1698251
-0.02678372
0.9730825
#199
19.92197
0.0248556
-0.03205016
0.0007972822
0.9991769
#200
20.00192
0.02681853
-0.03074025
0.0008250957
0.9991672
#201
20.11954
0.02681853
-0.03074025
0.0008250957
0.9991672
#202
20.24663
0.05899952
0.1322426
-0.007885613
0.9894285
#203
20.31559
0.06673426
0.1927218
-0.01313846
0.9788934
#204
20.40826
0.07516135
0.2251332
-0.01742187
0.9712684
#205
20.50791
0.1006049
0.4090043
-0.04542547
0.9058315
#206
20.61737
0.09802658
0.5479349
-0.06485238
0.8282223
#207
20.7299
0.07671192
0.6655599
-0.06907245
0.7391714
#208
20.81358
0.07671192
0.6655599
-0.06907245
0.7391714
#209
20.9071
0.07529475
0.6804196
-0.0706146
0.725516
#210
21.03898
0.05782038
0.7395037
-0.06404796
0.6675994
#211
21.12407
0.04886295
0.7428976
-0.05455499
0.6653867
#212
21.20099
0.04357732
0.7380826
-0.04789137
0.6715962
#213
21.33863
0.04515134
0.7152581
-0.04641037
0.6958544
#214
21.43519
0.04515134
0.7152581
-0.04641037
0.6958544
#215
21.52352
0.04515134
0.7152581
-0.04641037
0.6958544
#216
21.6001
0.04515134
0.7152581
-0.04641037
0.6958544
#217
21.70343
0.04515134
0.7152581
-0.04641037
0.6958544
#218
21.8012
0.04515134
0.7152581
-0.04641037
0.6958544
#219
21.91781
0.04515134
0.7152581
-0.04641037
0.6958544
#220
22.01493
0.04518169
0.7148026
-0.04638082
0.6963222
#221
22.10675
0.04582137
0.6741278
-0.04196958
0.7359964
#222
22.21151
0.03807351
0.5881944
-0.02773854
0.8073466
#223
22.31672
0.03120615
0.5238239
-0.01920775
0.851038
#224
22.42344
0.02852353
0.5188614
-0.01732573
0.8542067
#225
22.51063
0.003390533
0.5045286
-0.001981293
0.8633861
#226
22.61821
-0.02249655
0.5111231
0.01338422
0.8591088
#227
22.71416
-0.03554628
0.5281646
0.02213665
0.8481088
#228
22.80011
-0.04270495
0.5466719
0.02793235
0.8357906
#229
22.9137
-0.04963821
0.564307
0.03402022
0.8233688
#230
23.00762
-0.05244062
0.5738276
0.03685634
0.8164641
#231
23.10138
-0.05381898
0.5785528
0.03830066
0.8129657
#232
23.23435
-0.05381898
0.5785528
0.03830066
0.8129657
#233
23.31286
-0.05381898
0.5785528
0.03830066
0.8129657
#234
23.41118
-0.05663511
0.6149281
0.0443483
0.7852955
#235
23.50184
-0.06260185
0.6477414
0.05353859
0.757394
#236
23.61443
-0.06474566
0.670912
0.05899218
0.7363457
#237
23.71799
-0.06702463
0.6886899
0.06419092
0.7190921
#238
23.81031
-0.06680509
0.7012024
0.06628314
0.7067241
#239
23.90742
-0.06798298
0.7079291
0.06878937
0.6996304
#240
24.03483
-0.07442126
0.7027283
0.07432475
0.7036408
#241
24.11372
-0.07442126
0.7027283
0.07432475
0.7036408
#242
24.2025
-0.06930816
0.703706
0.06930897
0.7036977
#243
24.3083
-0.0679405
0.7129024
0.06974364
0.6944711
#244
24.40271
-0.06947668
0.7154378
0.07188311
0.6914871
#245
24.51833
-0.07234825
0.7178099
0.07544482
0.6883479
#246
24.61049
-0.07513963
0.7206012
0.07907774
0.684715
#247
24.7144
-0.07856963
0.7250311
0.08388892
0.6790578
#248
24.83949
-0.08347621
0.7339233
0.09174015
0.6678115
#249
24.90619
-0.0834986
0.7428485
0.09433752
0.6574987
#250
25.01025
-0.08382449
0.7519858
0.09749904
0.6465174
#251
25.14643
-0.08787122
0.7671569
0.1076462
0.6262278
#252
25.21003
-0.09067471
0.7714
0.1128788
0.61966
#253
25.30592
-0.09659979
0.7787622
0.1238663
0.6073344
#254
25.41045
-0.1088693
0.7981771
0.151719
0.5727496
#255
25.51367
-0.1099727
0.8101077
0.1611404
0.5528701
#256
25.63505
-0.1099727
0.8101077
0.1611404
0.5528701
#257
25.71747
-0.1099727
0.8101077
0.1611404
0.5528701
#258
25.80913
-0.1099727
0.8101077
0.1611404
0.5528701
#259
25.95087
-0.1108024
0.809534
0.1621282
0.5532558
#260
26.01729
-0.1113773
0.8087029
0.1625123
0.5542421
#261
26.11459
-0.1128946
0.8069289
0.1638049
0.5561371
#262
26.21848
-0.1128946
0.8069289
0.1638049
0.5561371
#263
26.31044
-0.1132586
0.8068216
0.164333
0.5560631
#264
26.4225
-0.115187
0.8059155
0.166897
0.5562172
#265
26.53605
-0.118825
0.8048059
0.1721681
0.5554514
