#0
0
0
0
0
1
#1
0.3733333
0
-0.0006544985
0
0.9999998
#2
0.4499757
0
-0.0006544985
0
0.9999998
#3
0.4709292
0
-0.0006544985
0
0.9999998
#4
0.4877687
0
-0.0006544985
0
0.9999998
#5
0.5190724
0
-0.0006544985
0
0.9999998
#6
0.6076261
0
-0.0006544985
0
0.9999998
#7
0.7042843
0
-0.0006544985
0
0.9999998
#8
0.8095498
0
-0.0006544985
0
0.9999998
#9
0.9157058
0
-0.0006544985
0
0.9999998
#10
1.003219
0
-0.0006544985
0
0.9999998
#11
1.120459
0
-0.0006544985
0
0.9999998
#12
1.216693
0
-0.009817321
0
0.9999518
#13
1.311034
-0.1773662
-0.4932223
-0.1034888
0.8453183
#14
1.409083
-0.2024779
-0.6680925
-0.1964719
0.6885157
#15
1.5083
-0.1914461
-0.736634
-0.2329667
0.6053472
#16
1.607914
-0.1914461
-0.736634
-0.2329667
0.6053472
#17
1.712116
-0.1914461
-0.736634
-0.2329667
0.6053472
#18
1.801116
-0.1914461
-0.736634
-0.2329667
0.6053472
#19
1.910277
-0.1914461
-0.736634
-0.2329667
0.6053472
#20
2.001394
-0.1914461
-0.736634
-0.2329667
0.6053472
#21
2.109589
-0.1914461
-0.736634
-0.2329667
0.6053472
#22
2.216062
-0.1914461
-0.736634
-0.2329667
0.6053472
#23
2.303301
-0.1914461
-0.736634
-0.2329667
0.6053472
#24
2.41451
-0.1914461
-0.736634
-0.2329667
0.6053472
#25
2.516254
-0.1914461
-0.736634
-0.2329667
0.6053472
#26
2.602918
-0.1914461
-0.736634
-0.2329667
0.6053472
#27
2.705867
-0.1914461
-0.736634
-0.2329667
0.6053472
#28
2.811058
-0.1914461
-0.736634
-0.2329667
0.6053472
#29
2.915812
-0.1914461
-0.736634
-0.2329667
0.6053472
#30
3.004341
-0.1914461
-0.736634
-0.2329667
0.6053472
#31
3.111954
-0.1914461
-0.736634
-0.2329667
0.6053472
#32
3.213654
-0.1914461
-0.736634
-0.2329667
0.6053472
#33
3.31245
-0.1914461
-0.736634
-0.2329667
0.6053472
#34
3.41505
-0.1914461
-0.736634
-0.2329667
0.6053472
#35
3.501016
-0.1914461
-0.736634
-0.2329667
0.6053472
#36
3.610502
-0.1925444
-0.7355357
-0.2336789
0.6060594
#37
3.716078
-0.1842932
-0.757691
-0.24181
0.5774671
#38
3.807276
-0.1088783
-0.890807
-0.3242272
0.2991408
#39
3.916247
0.0414857
-0.939129
-0.3183344
-0.1223884
#40
4.013935
0.03446334
-0.9590093
-0.1335001
-0.2475704
#41
4.115304
0.0254523
-0.9556298
-0.08675892
-0.2803513
#42
4.210452
0.0251206
-0.9572075
-0.08753384
-0.274701
#43
4.317937
0.0251206
-0.9572075
-0.08753384
-0.274701
#44
4.412611
0.02349284
-0.9593219
-0.08392978
-0.2685245
#45
4.509778
0.1110426
-0.8067987
-0.1606652
-0.5576128
#46
4.607021
0.1382046
-0.7279299
-0.1538966
-0.6537073
#47
4.709642
0.1379775
-0.7271739
-0.1532396
-0.6547504
#48
4.812209
0.1379775
-0.7271739
-0.1532396
-0.6547504
#49
4.925654
0.1265041
-0.2840161
-0.03783277
-0.9496843
#50
5.02044
0.1337323
-0.1145352
-0.01556211
-0.9842536
#51
5.10332
0.1382508
-0.1138189
-0.01599621
-0.9837053
#52
5.208543
0.1559849
-0.2165986
-0.03508132
-0.96308
#53
5.316465
0.1650905
0.2537669
0.04400421
-0.9520563
#54
5.414718
0.1088592
0.5777523
0.07811518
-0.8051397
#55
5.502186
0.09266481
0.6127429
0.07265846
-0.7814603
#56
5.609852
0.09308054
0.6137175
0.07318138
-0.7805968
#57
5.702673
0.09571771
0.590418
0.07079504
-0.7982686
#58
5.805057
0.09891282
0.7927858
0.1337339
-0.5863636
#59
5.905255
0.0875248
0.8855033
0.1859996
-0.4166864
#60
6.004562
0.08200562
0.9074886
0.2099274
-0.3544996
#61
6.101889
0.07250977
0.9226321
0.2140667
-0.3125187
#62
6.204492
0.07059899
0.9238082
0.2079774
-0.3135914
#63
6.316464
0.06635454
0.9279833
0.2006371
-0.3069019
#64
6.402555
0.06255906
0.9320536
0.1951406
-0.298802
#65
6.507667
0.05394132
0.9400434
0.1769859
-0.2865041
#66
6.60482
0.05013695
0.9434102
0.1680469
-0.2814673
#67
6.71498
0.04712977
0.9470682
0.1642255
-0.2717916
#68
6.802287
0.04372195
0.9512247
0.1598205
-0.2602257
#69
6.91454
0.04273151
0.9521492
0.1574138
-0.2584701
#70
7.002481
0.04212208
0.9526255
0.1555716
-0.2579299
#71
7.104618
0.04547216
0.9468328
0.1546256
-0.2784438
#72
7.205295
0.08169249
0.8549798
0.1419243
-0.4921317
#73
7.305935
0.1181186
0.6832658
0.1134202
-0.7115698
#74
7.413948
0.1210314
0.6550152
0.1074096
-0.7380851
#75
7.508975
0.1219292
0.6420078
0.1044138
-0.7497047
#76
7.615386
0.1056876
0.6402245
0.08955038
-0.7555947
#77
7.705527
0.09042532
0.6310326
0.07440841
-0.7668666
#78
7.81153
0.06907276
0.6222827
0.05526355
-0.7777783
#79
7.913015
0.0681258
0.6213359
0.05435981
-0.778682
#80
8.009424
0.0681258
0.6213359
0.05435981
-0.778682
#81
8.10568
0.07020079
0.6206816
0.05594033
-0.7789075
#82
8.205368
0.07122032
0.6206079
0.05675275
-0.778815
#83
8.301685
0.07274937
0.6204953
0.05797119
-0.7786736
#84
8.419021
0.09085951
0.7927019
0.1220085
-0.5903239
#85
8.503201
0.06790764
0.9176854
0.1790033
-0.3481379
#86
8.610737
0.02839341
0.9665093
0.2235804
-0.122741
#87
8.704397
-0.05344174
0.9464208
0.2333391
0.2167591
#88
8.800545
-0.07281138
0.9149111
0.1915515
0.3477703
#89
8.924876
-0.07281138
0.9149111
0.1915515
0.3477703
#90
9.002075
-0.07281138
0.9149111
0.1915515
0.3477703
#91
9.104177
-0.07363084
0.9121827
0.1884889
0.3563328
#92
9.217838
-0.0815077
0.8822395
0.1661029
0.4329203
#93
9.305013
-0.08884001
0.8234592
0.1344777
0.5440019
#94
9.41694
-0.08357897
0.7598128
0.09969397
0.6369931
#95
9.517093
-0.08302148
0.7152204
0.08623454
0.6885716
#96
9.604595
-0.08756386
0.6500087
0.07578345
0.7510514
#97
9.705098
-0.08355452
0.5793926
0.05987439
0.8085406
#98
9.801313
-0.08467855
0.5402237
0.05475484
0.8354579
#99
9.919456
-0.08625428
0.5153864
0.05223743
0.8510044
#100
10.01593
-0.08807837
0.4844256
0.04909937
0.8690013
#101
10.11866
-0.09125767
0.4106304
0.0413483
0.9062809
#102
10.21225
-0.0776161
0.3406478
0.02823082
0.9365564
#103
10.30542
-0.07705795
0.3388264
0.0278566
0.9372741
#104
10.41091
-0.07705795
0.3388264
0.0278566
0.9372741
#105
10.50093
-0.07705795
0.3388264
0.0278566
0.9372741
#106
10.6151
-0.07501834
0.3241312
0.02579431
0.9426802
#107
10.71486
-0.06244747
0.1328562
0.008387706
0.9891306
#108
10.80935
-0.06038582
-0.01763858
-0.001067235
0.9980187
#109
10.91873
-0.05840285
-0.1516426
-0.008976033
0.9866677
#110
11.01926
-0.06002628
-0.1818957
-0.01112522
0.9814209
#111
11.10005
-0.06387983
-0.1818506
-0.01183943
0.9811777
#112
11.22237
-0.07887012
-0.1655911
-0.01328678
0.9829459
#113
11.31986
-0.08724014
-0.1648289
-0.0146381
0.9823474
#114
11.41939
-0.09872982
-0.1691393
-0.01703143
0.9804868
#115
11.50329
-0.09987462
-0.1768108
-0.01803774
0.9789983
#116
11.6099
-0.1023638
-0.1806058
-0.01890276
0.9780316
#117
11.7012
-0.1029664
-0.1825134
-0.01922319
0.977608
#118
11.83054
-0.1013893
-0.1972363
-0.02051287
0.9748833
#119
11.91002
-0.07966234
-0.5141086
-0.04803181
0.852666
#120
12.00772
-0.03582305
-0.8605671
-0.06112011
0.5043862
#121
12.10148
-0.03022998
-0.8782787
-0.05602613
0.4738922
#122
12.20253
-0.03022998
-0.8782787
-0.05602613
0.4738922
#123
12.31109
-0.03022998
-0.8782787
-0.05602613
0.4738922
#124
12.41972
-0.02895408
-0.8787322
-0.05374557
0.473395
#125
12.50196
-0.01463396
-0.9525232
-0.04637786
0.300557
#126
12.60665
-0.009009084
-0.9785082
-0.04379207
0.2013027
#127
12.70277
-0.007066967
-0.9867738
-0.04480914
0.1556267
#128
12.81254
-0.007059371
-0.987417
-0.04613362
0.1510946
#129
12.90065
-0.007240492
-0.986816
-0.04610554
0.1549713
#130
13.0123
-0.007800544
-0.9852167
-0.04667706
0.1646467
#131
13.1123
-0.00821925
-0.984798
-0.04859539
0.1665652
#132
13.21625
-0.00821925
-0.984798
-0.04859539
0.1665652
#133
13.31051
-0.0009676064
-0.9985923
-0.04927608
0.01960879
#134
13.41797
0.0422543
-0.6192199
-0.03340026
-0.7833682
#135
13.50237
0.04170793
-0.4482442
-0.02094265
-0.892692
#136
13.61478
0.01923874
-0.3460422
-0.007097497
-0.9379949
#137
13.70675
0.01862482
-0.3460467
-0.00687101
-0.9380072
#138
13.81844
0.01862482
-0.3460467
-0.00687101
-0.9380072
#139
13.91572
0.008666926
-0.3826649
-0.00358994
-0.9238396
#140
14.00082
0.01473506
-0.2625775
-0.004010298
-0.9647901
#141
14.12006
0.02237896
-0.08952174
-0.002011992
-0.9957314
#142
14.22001
0.04398873
0.0548983
0.002420912
-0.9975196
#143
14.31329
0.05304677
0.1729684
0.009329791
-0.9834536
#144
14.40334
0.05737139
0.3411791
0.02086741
-0.9380138
#145
14.51484
0.05612233
0.3928085
0.0240252
-0.9175918
#146
14.61474
0.05139511
0.4138347
0.02340867
-0.9085986
#147
14.70416
0.05136444
0.4150232
0.02347589
-0.9080564
#148
14.80528
0.05656822
0.3753211
0.02295562
-0.9248822
#149
14.91198
0.09298544
0.02801818
0.002617665
-0.9952698
#150
15.01484
0.1005626
-0.6548613
-0.08854074
-0.7437772
#151
15.1222
0.06509557
-0.8697298
-0.1193315
-0.4744394
#152
15.21507
0.05996155
-0.8891206
-0.121992
-0.4370208
#153
15.33996
0.09436687
-0.4834907
-0.05252391
-0.8686616
#154
15.41705
0.1048375
-0.1497642
-0.01597213
-0.9830182
#155
15.51281
0.08773313
-0.04106214
-0.003619555
-0.9952908
#156
15.60708
0.08453787
-0.01499736
-0.001272545
-0.9963066
#157
15.71314
0.06724145
0.09974287
0.006756068
-0.9927157
#158
15.81943
0.05681429
0.1819324
0.01052999
-0.9816119
#159
15.90406
0.05418409
0.1877386
0.01037297
-0.9806685
#160
16.00278
0.05418409
0.1877386
0.01037297
-0.9806685
#161
16.11382
0.05224532
0.1890408
0.01007264
-0.9805267
#162
16.21197
0.05094888
0.1903367
0.009891856
-0.980346
#163
16.31268
0.05030084
0.1909845
0.009800189
-0.9802545
#164
16.4138
0.05029441
0.1916257
0.009833095
-0.9801293
