#0
0
0
0
0
1
#1
0.3733333
0.01570705
0.005889726
-9.252322E-05
0.9998593
#2
0.422777
0.01570705
0.005889726
-9.252322E-05
0.9998593
#3
0.4493327
0.01570705
0.005889726
-9.252322E-05
0.9998593
#4
0.4825253
0.01570705
0.005889726
-9.252322E-05
0.9998593
#5
0.5159687
0.01570705
0.005889726
-9.252322E-05
0.9998593
#6
0.6119956
0.01570705
0.005889726
-9.252322E-05
0.9998593
#7
0.7057624
0.01570705
0.005889726
-9.252322E-05
0.9998593
#8
0.8137801
0.01570705
0.005889726
-9.252322E-05
0.9998593
#9
0.9017112
0.01570705
0.005889726
-9.252322E-05
0.9998593
#10
1.006198
0.01570705
0.005889726
-9.252322E-05
0.9998593
#11
1.11283
0.01570705
0.005889726
-9.252322E-05
0.9998593
#12
1.214339
0.01570705
0.005889726
-9.252322E-05
0.9998593
#13
1.305736
0.01570705
0.005889726
-9.252322E-05
0.9998593
#14
1.412306
0.01570705
0.005889726
-9.252322E-05
0.9998593
#15
1.513888
0.01570705
0.005889726
-9.252322E-05
0.9998593
#16
1.616899
0.01570705
0.005889726
-9.252322E-05
0.9998593
#17
1.708067
0.01570705
0.005889726
-9.252322E-05
0.9998593
#18
1.801843
0.01570705
0.005889726
-9.252322E-05
0.9998593
#19
1.911392
0.01570705
0.005889726
-9.252322E-05
0.9998593
#20
2.007015
0.01570705
0.005889726
-9.252322E-05
0.9998593
#21
2.105955
0.01570705
0.005889726
-9.252322E-05
0.9998593
#22
2.213816
0.01570705
0.005889726
-9.252322E-05
0.9998593
#23
2.300426
0.01570705
0.005889726
-9.252322E-05
0.9998593
#24
2.408476
0.01570705
0.005889726
-9.252322E-05
0.9998593
#25
2.510818
0.01570705
0.005889726
-9.252322E-05
0.9998593
#26
2.611799
0.01570705
0.005889726
-9.252322E-05
0.9998593
#27
2.712454
0.01570705
0.005889726
-9.252322E-05
0.9998593
#28
2.813892
0.01570705
0.005889726
-9.252322E-05
0.9998593
#29
2.917484
0.01570705
0.005889726
-9.252322E-05
0.9998593
#30
3.005732
0.01570705
0.005889726
-9.252322E-05
0.9998593
#31
3.115568
0.01570705
0.005889726
-9.252322E-05
0.9998593
#32
3.207836
0.01570705
0.005889726
-9.252322E-05
0.9998593
#33
3.302709
0.01570705
0.005889726
-9.252322E-05
0.9998593
#34
3.406115
0.01570705
0.005889726
-9.252322E-05
0.9998593
#35
3.507159
0.01570705
0.005889726
-9.252322E-05
0.9998593
#36
3.613012
0.01570705
0.005889726
-9.252322E-05
0.9998593
#37
3.701249
0.01570705
0.005889726
-9.252322E-05
0.9998593
#38
3.812603
0.01570705
0.005889726
-9.252322E-05
0.9998593
#39
3.90648
0.01570705
0.005889726
-9.252322E-05
0.9998593
#40
4.015807
0.01570705
0.005889726
-9.252322E-05
0.9998593
#41
4.108969
0.01570705
0.005889726
-9.252322E-05
0.9998593
#42
4.21418
0.01570705
0.005889726
-9.252322E-05
0.9998593
#43
4.306625
0.01570705
0.005889726
-9.252322E-05
0.9998593
#44
4.412644
0.01570705
0.005889726
-9.252322E-05
0.9998593
#45
4.506703
0.01570705
0.005889726
-9.252322E-05
0.9998593
#46
4.614974
0.01570705
0.005889726
-9.252322E-05
0.9998593
#47
4.716931
0.01570705
0.005889726
-9.252322E-05
0.9998593
#48
4.810935
0.01570705
0.005889726
-9.252322E-05
0.9998593
#49
4.912426
0.01570705
0.005889726
-9.252322E-05
0.9998593
#50
5.001455
0.01570705
0.005889726
-9.252322E-05
0.9998593
#51
5.10908
0.01570705
0.005889726
-9.252322E-05
0.9998593
#52
5.212604
0.01570705
0.005889726
-9.252322E-05
0.9998593
#53
5.307005
0.01570705
0.005889726
-9.252322E-05
0.9998593
#54
5.41353
0.01570705
0.005889726
-9.252322E-05
0.9998593
#55
5.520029
0.01570705
0.005889726
-9.252322E-05
0.9998593
#56
5.614138
-0.2454473
-0.1559011
-0.0400286
0.9559541
#57
5.700811
-0.2450676
-0.3729978
-0.1028283
0.8889549
#58
5.820652
-0.1775895
-0.5322886
-0.115328
0.8196525
#59
5.913331
-0.1305311
-0.6474379
-0.1138695
0.7421721
#60
6.010938
-0.1137299
-0.6812145
-0.1083509
0.7150332
#61
6.10166
-0.1137299
-0.6812145
-0.1083509
0.7150332
#62
6.21495
-0.1122684
-0.6878091
-0.1089383
0.7088349
#63
6.306129
-0.06501295
-0.9022548
-0.1465374
0.4002953
#64
6.407964
-0.03533975
-0.962687
-0.1557057
0.2184962
#65
6.508942
0.003194877
-0.9880783
-0.1525212
-0.02069738
#66
6.616546
0.02725569
-0.9674696
-0.1190046
-0.2215802
#67
6.711796
0.02725569
-0.9674696
-0.1190046
-0.2215802
#68
6.812395
0.02028044
-0.9792859
-0.1269698
-0.1564179
#69
6.902168
0.02307595
-0.9769241
-0.1501448
-0.1501447
#70
7.004124
0.02918778
-0.9678314
-0.2110213
-0.1338673
#71
7.105858
0.03079117
-0.9650735
-0.223692
-0.1328422
#72
7.207261
0.03141024
-0.9572809
-0.2639037
-0.1139371
#73
7.316179
0.03145994
-0.9568352
-0.2658035
-0.113249
#74
7.412458
0.03045676
-0.9560798
-0.2709939
-0.107453
#75
7.512204
0.02970733
-0.9548342
-0.2774049
-0.1022533
#76
7.606644
0.0300418
-0.9539213
-0.2805282
-0.1021555
#77
7.713562
0.02971485
-0.9515779
-0.2900187
-0.09749712
#78
7.806969
0.02945258
-0.9502979
-0.2950754
-0.09485281
#79
7.901286
0.02957671
-0.9499108
-0.296319
-0.09481417
#80
8.020194
0.02957671
-0.9499108
-0.296319
-0.09481417
#81
8.107162
0.04554263
-0.9481277
-0.2714236
-0.159088
#82
8.209721
0.1527848
-0.7610265
-0.1938064
-0.5999455
#83
8.300914
0.1907695
-0.6147708
-0.1565603
-0.7491013
#84
8.405656
0.1891337
-0.6066038
-0.1515245
-0.7571662
#85
8.527324
0.2061741
-0.6260217
-0.1765564
-0.7310383
#86
8.601151
0.219671
-0.5700824
-0.1615857
-0.7750102
#87
8.709056
0.1809268
-0.3179387
-0.061945
-0.9286244
#88
8.809137
0.1740381
-0.2570634
-0.04712199
-0.9494255
#89
8.901713
0.1751
-0.2202445
-0.04022378
-0.9587567
#90
9.005513
0.1795485
-0.03476006
-0.006348313
-0.9831143
#91
9.100723
0.1691539
0.0978749
0.01688394
-0.9805725
#92
9.207617
0.1663666
0.1101102
0.01869788
-0.9797185
#93
9.304128
0.1666607
0.09342307
0.01586423
-0.9814503
#94
9.424557
0.1628235
0.2131991
0.03605992
-0.9626704
#95
9.506043
0.1306017
0.4271441
0.06250392
-0.8925158
#96
9.616708
0.1212547
0.5232033
0.07551125
-0.840151
#97
9.707364
0.1180389
0.5573912
0.0804454
-0.8178695
#98
9.815319
0.1171366
0.5664563
0.08175373
-0.8116173
#99
9.908215
0.1168684
0.5691093
0.08213662
-0.8097592
#100
10.01174
0.1182721
0.5757589
0.08463566
-0.8045807
#101
10.10106
0.1249962
0.5760695
0.08969509
-0.8027918
#102
10.20518
0.1275026
0.5768229
0.09174679
-0.801624
#103
10.3072
0.1329766
0.5910456
0.09956999
-0.7893468
#104
10.40104
0.1477873
0.5971076
0.1130945
-0.7802762
#105
10.50874
0.169914
0.6010171
0.1326921
-0.7696106
#106
10.6116
0.1949248
0.6354532
0.1702691
-0.7274696
#107
10.7123
0.193616
0.66039
0.1820567
-0.70232
#108
10.81237
0.1899752
0.6888428
0.1947605
-0.6719178
#109
10.9016
0.1899752
0.6888428
0.1947605
-0.6719178
#110
11.00879
0.2001743
0.6628917
0.1907073
-0.6957986
#111
11.10602
0.209268
0.6852772
0.2162314
-0.6632089
#112
11.21541
0.2088488
0.6923234
0.2209485
-0.6544099
#113
11.30708
0.2062383
0.7062398
0.2284495
-0.637575
#114
11.40016
0.1990801
0.7171084
0.2273079
-0.6280556
#115
11.5062
0.1980743
0.7188994
0.2273579
-0.6263055
#116
11.61259
0.1975158
0.719458
0.2270167
-0.6259642
#117
11.70511
0.1964001
0.7205737
0.2263321
-0.6252794
#118
11.8134
0.195695
0.7215399
0.2261168
-0.6244637
#119
11.91178
0.1951384
0.7220964
0.2257723
-0.624119
#120
12.01609
0.1951384
0.7220964
0.2257723
-0.624119
#121
12.11257
0.1951384
0.7220964
0.2257723
-0.624119
#122
12.20805
0.190154
0.7309476
0.2259164
-0.6152389
#123
12.30041
0.1161354
0.8162683
0.1762969
-0.5377157
#124
12.41283
0.03422993
0.8953062
0.06987238
-0.4386035
#125
12.5044
0.02952197
0.8988025
0.06127404
-0.433045
#126
12.61437
0.03573098
0.8893968
0.07058264
-0.4502385
#127
12.70466
0.1340232
0.8075217
0.2011505
-0.5380381
#128
12.80476
0.1924642
0.7717477
0.2749966
-0.5401295
#129
12.90546
0.1961911
0.7690544
0.279153
-0.540498
#130
13.00342
0.2142416
0.7478582
0.2865143
-0.5592123
#131
13.11222
0.2203959
0.7378649
0.2849032
-0.5707988
#132
13.20082
0.225028
0.7284268
0.2812589
-0.5827953
#133
13.31341
0.2252119
0.7280453
0.2811117
-0.5832717
#134
13.40566
0.226864
0.7245967
0.2797801
-0.5875504
#135
13.50142
0.2289362
0.7221208
0.2804546
-0.5894701
#136
13.60339
0.2334671
0.7163691
0.2814632
-0.5942112
#137
13.70513
0.2336513
0.7159799
0.2813103
-0.5946801
#138
13.81681
0.2349835
0.7144423
0.2817864
-0.5957781
#139
13.90681
0.2359481
0.7136831
0.2825671
-0.595937
#140
14.01354
0.2391997
0.7100204
0.2838081
-0.5984209
#141
14.10645
0.2471342
0.7022916
0.2882097
-0.6022013
#142
14.2024
0.2508565
0.6995916
0.2913909
-0.6022739
#143
14.30917
0.2510473
0.6991972
0.2912266
-0.6027318
#144
14.4054
0.1601456
0.801596
0.246603
-0.5205615
#145
14.5126
0.08567686
0.8722085
0.1651996
-0.4523503
#146
14.60862
0.07805394
0.8777394
0.1531899
-0.4472292
#147
14.7134
0.07805394
0.8777394
0.1531899
-0.4472292
#148
14.80905
0.07805394
0.8777394
0.1531899
-0.4472292
#149
14.91177
0.07805394
0.8777394
0.1531899
-0.4472292
#150
15.00139
0.07805394
0.8777394
0.1531899
-0.4472292
#151
15.11412
0.07805394
0.8777394
0.1531899
-0.4472292
#152
15.21351
0.07805394
0.8777394
0.1531899
-0.4472292
#153
15.31123
0.07805394
0.8777394
0.1531899
-0.4472292
#154
15.40277
0.07190108
0.8960279
0.1575907
-0.4088146
#155
15.51323
0.07222828
0.8963551
0.1588581
-0.4075472
#156
15.62089
0.07402702
0.891047
0.157316
-0.4192935
#157
15.70453
0.01380542
0.9815698
0.1739605
-0.07789695
#158
15.81689
-0.03067789
0.9693213
0.1717897
0.1730996
#159
15.90102
-0.03494052
0.9647168
0.1709737
0.1971515
#160
16.01702
-0.03848177
0.9577885
0.1536271
0.2399147
#161
16.11855
-0.01469994
0.9584284
0.05022898
0.2804923
#162
16.2053
-0.01188857
0.9566943
0.03947002
0.2881612
#163
16.31607
-0.00970699
0.9578918
0.03261328
0.2851061
#164
16.41262
-0.008436135
0.9594923
0.02889597
0.2801223
#165
16.50835
-0.008436135
0.9594923
0.02889597
0.2801223
#166
16.6026
-0.008436135
0.9594923
0.02889597
0.2801223
#167
16.70983
-0.009289864
0.9599407
0.03205405
0.2782088
#168
16.81332
-0.01051663
0.9601471
0.03646545
0.2769063
#169
16.90613
-0.01170488
0.9605119
0.04088703
0.2749692
#170
17.02084
-0.01278458
0.960344
0.04465862
0.2749211
#171
17.11248
-0.01350428
0.9602237
0.04717264
0.2748867
#172
17.20938
-0.01494339
0.9599636
0.05219968
0.2748123
#173
17.30769
-0.07110478
0.9133216
0.1816708
0.3574681
#174
17.40083
-0.2184945
0.7620344
0.321504
0.5178794
#175
17.50951
-0.2255371
0.7563801
0.3290795
0.5183908
#176
17.61176
-0.2255371
0.7563801
0.3290795
0.5183908
#177
17.70111
-0.2196579
0.7681323
0.3401888
0.4959786
#178
17.80484
-0.2015066
0.791407
0.3443187
0.4631573
#179
17.91137
-0.1989681
0.7925618
0.3374431
0.4673218
#180
18.00162
-0.1970234
0.7927214
0.3301808
0.4730277
#181
18.11736
-0.19237
0.7959247
0.3223825
0.4749392
#182
18.21413
-0.1905035
0.7971845
0.3192544
0.475691
#183
18.30652
-0.1901921
0.7973933
0.3187326
0.4758155
#184
18.41267
-0.1896724
0.7973937
0.3169183
0.4772322
#185
18.50702
-0.1896724
0.7973937
0.3169183
0.4772322
#186
18.61432
-0.1896724
0.7973937
0.3169183
0.4772322
#187
18.70797
-0.1896724
0.7973937
0.3169183
0.4772322
#188
18.8182
-0.1906091
0.7967699
0.3184834
0.4768589
#189
18.90629
-0.1909212
0.7965612
0.3190047
0.476734
#190
19.00278
-0.1927918
0.7953023
0.3221304
0.4759806
#191
19.10795
-0.1934147
0.79488
0.3231712
0.4757278
#192
19.21197
-0.1937261
0.7946683
0.3236914
0.4756011
#193
19.30157
-0.1937261
0.7946683
0.3236914
0.4756011
#194
19.40707
-0.1937261
0.7946683
0.3236914
0.4756011
#195
19.50226
-0.2073173
0.7737222
0.3151594
0.5089678
#196
19.6057
-0.1101655
0.3461544
0.04096999
0.9307858
#197
19.70156
-0.07343341
0.1714493
0.01281607
0.9823688
#198
19.8066
-0.07343341
0.1714493
0.01281607
0.9823688
#199
19.91203
-0.07140417
0.1791849
0.01304057
0.9811342
#200
20.01341
-0.07476153
0.1682164
0.01279585
0.9828277
#201
20.10703
-0.08010247
0.0879542
0.007095919
0.9928733
#202
20.21418
-0.0803244
0.04760321
0.003840505
0.9956241
#203
20.3071
-0.06610361
-0.1341207
-0.008967037
0.9887171
#204
20.40183
-0.05254927
-0.5181655
-0.03191917
0.8530676
#205
20.5112
-0.06247406
-0.5754548
-0.04415241
0.8142477
#206
20.61683
-0.06247406
-0.5754548
-0.04415241
0.8142477
#207
20.70946
-0.06170813
-0.5594403
-0.04181892
0.8255119
#208
20.80686
-0.06616673
-0.7126246
-0.0678333
0.6951165
#209
20.9074
-0.05822573
-0.7854002
-0.07476066
0.6116921
#210
21.02282
-0.04417633
-0.880702
-0.08383223
0.4640956
#211
21.11338
-0.03040073
-0.9428785
-0.08975069
0.3193758
#212
21.21378
-0.02266358
-0.9666087
-0.09200953
0.2380929
#213
21.30748
-0.02359839
-0.9662399
-0.09580467
0.2380021
#214
21.40734
-0.02698194
-0.9621946
-0.103678
0.2504086
#215
21.5079
-0.02768085
-0.9614956
-0.1055129
0.2522441
#216
21.61481
-0.02768085
-0.9614956
-0.1055129
0.2522441
#217
21.70678
-0.02791542
-0.961261
-0.106124
0.2528553
#218
21.81375
-0.03149084
-0.9583474
-0.116609
0.2588065
#219
21.90032
-0.03266452
-0.9575427
-0.1203289
0.2599349
#220
22.01466
-0.03563597
-0.9552004
-0.1289357
0.2640036
