#0
0
0
0
0
1
#1
0.3733333
0
0
0
1
#2
0.3932064
0
0
0
1
#3
0.4100932
0
0
0
1
#4
0.4270494
0
0
0
1
#5
0.5000473
0
0
0
1
#6
0.6021317
0
0
0
1
#7
0.7052019
0
0
0
1
#8
0.8075521
0
0
0
1
#9
0.9112779
0
0
0
1
#10
1.015206
0
0
0
1
#11
1.115686
0
0
0
1
#12
1.200306
0
0
0
1
#13
1.303485
0
0
0
1
#14
1.407607
0
0
0
1
#15
1.510829
0
0
0
1
#16
1.612772
0
0
0
1
#17
1.71436
0
0
0
1
#18
1.816412
0
0
0
1
#19
1.90193
0
0
0
1
#20
2.005521
0
0
0
1
#21
2.107886
0
0
0
1
#22
2.21012
0
0
0
1
#23
2.31296
0
0
0
1
#24
2.402748
0
0
0
1
#25
2.506968
0
0
0
1
#26
2.611702
0
0
0
1
#27
2.714005
0
0
0
1
#28
2.814997
0
0
0
1
#29
2.901239
0
0
0
1
#30
3.003889
0
0
0
1
#31
3.105688
0
0
0
1
#32
3.209007
0
0
0
1
#33
3.310716
0
0
0
1
#34
3.413773
0
0
0
1
#35
3.515709
0
0
0
1
#36
3.616097
0
0
0
1
#37
3.716401
0
0
0
1
#38
3.80287
0
0
0
1
#39
3.905492
0
0
0
1
#40
4.008061
0
0
0
1
#41
4.11106
0
0
0
1
#42
4.213145
-0.1061049
0.3414591
0.03882889
0.9330808
#43
4.314485
-0.196768
-0.144432
-0.02931941
0.9693102
#44
4.415485
-0.2062437
-0.2553114
-0.05584196
0.9429535
#45
4.500304
-0.199076
-0.251412
-0.05292354
0.945706
#46
4.603831
-0.1314812
-0.2060249
-0.0279472
0.9692705
#47
4.708792
-0.07977811
-0.1771439
-0.01440826
0.9808404
#48
4.812156
-0.07399913
-0.1772257
-0.01336455
0.9812933
#49
4.914392
-0.07399913
-0.1772257
-0.01336455
0.9812933
#50
5.016773
-0.07399913
-0.1772257
-0.01336455
0.9812933
#51
5.109779
-0.07399913
-0.1772257
-0.01336455
0.9812933
#52
5.213978
-0.06932384
-0.3451709
-0.02557492
0.9356266
#53
5.315328
-0.03926397
-0.8221437
-0.05712944
0.5650437
#54
5.416579
-0.01683219
-0.9027324
-0.03546847
0.4284076
#55
5.502015
-0.01683219
-0.9027324
-0.03546847
0.4284076
#56
5.605208
-0.01494998
-0.897795
-0.03056731
0.439097
#57
5.708466
0.0005790137
-0.9992762
-0.03402245
-0.01700626
#58
5.8099
0.01010064
-0.9619628
-0.03590406
-0.2706222
#59
5.911489
0.02227589
-0.846031
-0.03545923
-0.5314865
#60
6.014719
0.03210802
-0.7218853
-0.03356976
-0.690452
#61
6.100295
0.03093559
-0.5788635
-0.02198477
-0.8145408
#62
6.202109
0.0283616
-0.5751941
-0.0199606
-0.8172815
#63
6.303892
0.02977177
-0.5826177
-0.02136364
-0.8119199
#64
6.407468
0.03447397
-0.2869653
-0.01033448
-0.9572647
#65
6.509351
0.03405692
0.3230889
0.0116354
-0.945684
#66
6.612262
0.02826683
0.3939564
0.0121225
-0.9186144
#67
6.714162
0.02269427
0.6746274
0.02075907
-0.7375174
#68
6.814837
-0.0004069707
0.9782816
-0.001920827
-0.2072711
#69
6.915281
0.007703813
0.9854414
-0.04647221
0.163359
#70
7.015904
0.009401583
0.9787934
-0.0461587
0.1993602
#71
7.102325
0.009401583
0.9787934
-0.0461587
0.1993602
#72
7.205088
0.007480404
0.9843863
-0.04319438
0.170476
#73
7.306575
-0.004297534
0.8630338
0.007343306
0.5050746
#74
7.409881
-0.01282909
0.7568485
0.01486262
0.6532954
#75
7.51278
-0.01392851
0.7046525
0.01383762
0.7092808
#76
7.613593
-0.01779754
0.7165244
0.01829359
0.697095
#77
7.715399
-0.02493545
0.7802169
0.03116628
0.6242344
#78
7.815877
-0.02630795
0.785011
0.03341643
0.6180202
#79
7.903572
-0.02733794
0.7881691
0.03510137
0.6138484
#80
8.004461
-0.03073283
0.7124122
0.03126033
0.7003906
#81
8.106533
-0.03425094
-0.1569859
-0.00544778
0.9869917
#82
8.207803
-0.02982869
-0.5098602
-0.01769335
0.8595579
#83
8.310076
-0.02947556
-0.526638
-0.01827558
0.8493819
#84
8.410663
-0.02947556
-0.526638
-0.01827558
0.8493819
#85
8.513412
-0.03411378
-0.5187319
-0.02072108
0.8540048
#86
8.614857
-0.02250801
-0.8045723
-0.03055699
0.5926408
#87
8.716878
-0.004534762
-0.9921204
-0.03767992
0.1194013
#88
8.802801
0.00307516
-0.9911698
-0.02335823
-0.1304896
#89
8.905897
0.004041288
-0.9557032
-0.01313648
-0.2940112
#90
9.008283
0.003109717
-0.9182461
-0.007212054
-0.3959324
#91
9.110047
0.003109717
-0.9182461
-0.007212054
-0.3959324
#92
9.212429
0.00345213
-0.9360917
-0.009190372
-0.351619
#93
9.308062
-0.0003614685
-0.8336459
0.0005456043
-0.552299
#94
9.410255
-0.0005238905
-0.5993742
0.0003922783
-0.8004687
#95
9.511694
-0.006091242
-0.5330485
0.003837729
-0.8460541
#96
9.612432
-0.006693829
-0.3681169
0.00265029
-0.9297516
#97
9.71354
-0.007050775
0.2021396
-0.001455322
-0.9793302
#98
9.814957
-0.004193863
0.4025415
-0.001844245
-0.9153903
#99
9.901665
-0.003981084
0.4948837
-0.002267311
-0.8689472
#100
10.00696
-0.003036518
0.7488022
-0.003430639
-0.6627777
#101
10.10931
8.403175E-09
0.8994616
1.729597E-08
-0.4369997
#102
10.21189
8.403175E-09
0.8994616
1.729597E-08
-0.4369997
#103
10.31352
0.0005874026
0.8936636
0.001169821
-0.4487356
#104
10.41532
0.001106956
0.9988793
0.03073667
-0.03597383
#105
10.51672
-0.01680478
0.944397
0.04887398
0.3247204
#106
10.60552
-0.01895523
0.9212589
0.04525857
0.3858424
#107
10.70834
-0.01933776
0.8997114
0.04006894
0.4342118
#108
10.81064
-0.005084797
0.992464
0.04419971
0.1141745
#109
10.91362
-0.002154002
0.9978383
0.04443906
0.04836614
#110
11.0164
-0.0009027114
0.9988042
0.04448207
0.02026956
#111
11.10536
-0.0007708518
0.9987561
0.04710017
0.01634586
#112
11.20857
0.0004004906
0.997667
0.06801414
-0.005874606
#113
11.31223
0.0004120246
0.9975315
0.06997292
-0.005873808
#114
11.41349
-0.0110625
0.8674408
0.01930632
0.4970427
#115
11.51552
0.05755503
0.01763816
-0.00101701
0.9981861
#116
11.61625
0.0255729
-0.8892995
0.0501088
0.4538518
#117
11.70138
0.01925662
-0.9320027
0.05006759
0.3584598
#118
11.80383
0.01925662
-0.9320027
0.05006759
0.3584598
#119
11.90531
0.02218925
-0.9278519
0.05593714
0.368062
#120
12.00733
0.001537822
-0.9419735
-0.004315692
-0.335656
#121
12.10925
0.02207609
-0.460248
-0.01144917
-0.8874421
#122
12.21038
0.02271182
-0.4072055
-0.01012968
-0.912998
#123
12.31303
0.02746063
-0.04251003
-0.001168851
-0.998718
#124
12.41508
0.02967706
0.3274722
0.01029124
-0.9443386
#125
12.51632
0.03222151
0.321256
0.01093783
-0.9463809
#126
12.60189
0.03791969
0.311882
0.01245833
-0.9492821
#127
12.70429
0.04545643
0.2057714
0.009568967
-0.9774969
#128
12.80691
0.06400007
-0.05483321
-0.003521881
-0.9964361
#129
12.908
0.06380849
-0.09456128
-0.006073574
-0.9934534
#130
13.01245
0.05644325
-0.1960458
-0.01130394
-0.9789037
#131
13.11488
0.03919591
-0.3093727
-0.01276373
-0.950047
#132
13.20006
0.03140029
-0.3385451
-0.01130464
-0.9403582
#133
13.30104
0.03075571
-0.3410122
-0.01116359
-0.9394893
#134
13.40376
0.02787922
-0.3219152
-0.009483934
-0.9463104
#135
13.50594
0.02803656
-0.3057657
-0.009008153
-0.9516513
#136
13.60851
0.03106781
-0.1472999
-0.004629089
-0.988593
#137
13.71236
0.04514461
0.5228829
0.02774632
-0.8507559
#138
13.81376
0.02129878
0.9143783
0.04852068
-0.4013782
#139
13.91568
-0.02148967
0.9127908
0.04843644
0.4049755
#140
14.00024
-0.02998967
0.8485121
0.04836773
0.5261068
#141
14.10238
-0.02998967
0.8485121
0.04836773
0.5261068
#142
14.20477
-0.02470054
0.8738995
0.04465215
0.4834209
#143
14.30755
-0.04436736
0.5612695
0.03015167
0.8258929
#144
14.41053
-0.05545706
0.07246708
0.004035681
0.9958197
#145
14.51247
-0.05484622
-0.06139748
-0.00337891
0.9965996
#146
14.61407
-0.04776692
-0.4935792
-0.02716332
0.8679632
#147
14.71639
-0.01556325
-0.9411888
-0.043768
0.3346727
#148
14.80127
-0.01513184
-0.9501151
-0.04667619
0.3080155
#149
14.90464
-0.01566046
-0.9492434
-0.047879
0.3104824
#150
15.00567
-0.01020131
-0.9799153
-0.05199834
0.192245
#151
15.1084
0.0134307
-0.970179
-0.05530312
-0.2356139
#152
15.21234
0.02851298
-0.8703747
-0.05075708
-0.4889363
#153
15.31477
0.03921285
-0.73088
-0.04214229
-0.6800742
#154
15.4162
0.05283089
-0.3431104
-0.01933304
-0.9376088
#155
15.50012
0.0528621
-0.06922165
-0.003673186
-0.996193
#156
15.60337
0.04710526
-0.007188955
-0.0003390227
-0.998864
#157
15.70557
0.04710526
-0.007188955
-0.0003390227
-0.998864
#158
15.80626
0.0327128
-0.01962115
-0.0006423302
-0.999272
#159
15.90911
0.02499697
0.4590517
0.01292271
-0.8879638
#160
16.01034
0.02023344
0.6946992
0.0195564
-0.7187497
#161
16.11395
0.01131834
0.8960013
0.02287581
-0.4433173
#162
16.2158
0.001118905
0.9987131
0.02549815
-0.04382537
#163
16.31654
-0.01317856
0.8561006
0.02185711
0.5161787
#164
16.40217
-0.01293782
0.7315194
0.01388625
0.6815565
#165
16.5051
-0.0129469
0.7310733
0.01387778
0.682035
#166
16.60571
-0.008373968
0.7928808
0.01089843
0.6092218
#167
16.70785
-0.009221257
0.8826748
0.01733352
0.469574
#168
16.81042
-0.01075041
0.9199877
0.02529587
0.3909825
#169
16.91353
-0.01075041
0.9199877
0.02529587
0.3909825
#170
17.01495
-0.01426631
0.9204819
0.03375255
0.3890634
#171
17.10422
-0.02005369
0.9243229
0.04904838
0.3779143
