#0
0
0
0
0
1
#1
0.3733333
-0.02683122
0.0006542628
1.756099E-05
0.9996398
#2
0.4137986
-0.02683122
0.0006542628
1.756099E-05
0.9996398
#3
0.453404
-0.02683122
0.0006542628
1.756099E-05
0.9996398
#4
0.4709088
-0.02683122
0.0006542628
1.756099E-05
0.9996398
#5
0.5021937
-0.02683122
0.0006542628
1.756099E-05
0.9996398
#6
0.6145598
-0.02683122
0.0006542628
1.756099E-05
0.9996398
#7
0.7011792
-0.03337322
0.0006541339
2.184272E-05
0.9994428
#8
0.8146899
-0.03795179
0.0006540269
2.483939E-05
0.9992794
#9
0.926486
-0.03795179
0.0006540269
2.483939E-05
0.9992794
#10
1.03866
-0.03795179
0.0006540269
2.483939E-05
0.9992794
#11
1.11738
-0.03795179
0.0006540269
2.483939E-05
0.9992794
#12
1.208693
-0.03795179
0.0006540269
2.483939E-05
0.9992794
#13
1.315735
-0.03795179
0.0006540269
2.483939E-05
0.9992794
#14
1.413876
-0.03795179
0.0006540269
2.483939E-05
0.9992794
#15
1.509398
-0.03795179
0.0006540269
2.483939E-05
0.9992794
#16
1.605627
-0.03795179
0.0006540269
2.483939E-05
0.9992794
#17
1.703279
-0.03795179
0.0006540269
2.483939E-05
0.9992794
#18
1.816872
-0.03795179
0.0006540269
2.483939E-05
0.9992794
#19
1.90547
-0.03795179
0.0006540269
2.483939E-05
0.9992794
#20
2.001147
-0.03795179
0.0006540269
2.483939E-05
0.9992794
#21
2.117709
-0.03795179
0.0006540269
2.483939E-05
0.9992794
#22
2.209452
-0.03795179
0.0006540269
2.483939E-05
0.9992794
#23
2.306204
-0.03795179
0.0006540269
2.483939E-05
0.9992794
#24
2.406268
-0.03795179
0.0006540269
2.483939E-05
0.9992794
#25
2.513779
-0.03795179
0.0006540269
2.483939E-05
0.9992794
#26
2.605377
-0.03795179
0.0006540269
2.483939E-05
0.9992794
#27
2.720676
-0.03795179
0.0006540269
2.483939E-05
0.9992794
#28
2.815322
-0.03795179
0.0006540269
2.483939E-05
0.9992794
#29
2.905237
-0.03795179
0.0006540269
2.483939E-05
0.9992794
#30
3.013514
-0.03795179
0.0006540269
2.483939E-05
0.9992794
#31
3.100765
-0.03795179
0.0006540269
2.483939E-05
0.9992794
#32
3.211527
-0.03795179
0.0006540269
2.483939E-05
0.9992794
#33
3.318506
-0.03795179
0.0006540269
2.483939E-05
0.9992794
#34
3.429696
-0.03795179
0.0006540269
2.483939E-05
0.9992794
#35
3.506528
-0.03795179
0.0006540269
2.483939E-05
0.9992794
#36
3.614019
-0.03795179
0.0006540269
2.483939E-05
0.9992794
#37
3.714997
-0.03795179
0.0006540269
2.483939E-05
0.9992794
#38
3.819689
-0.03795179
0.0006540269
2.483939E-05
0.9992794
#39
3.916732
-0.03795179
0.0006540269
2.483939E-05
0.9992794
#40
4.00495
-0.03795179
0.0006540269
2.483939E-05
0.9992794
#41
4.113599
-0.03795179
0.0006540269
2.483939E-05
0.9992794
#42
4.205486
-0.03795179
0.0006540269
2.483939E-05
0.9992794
#43
4.303692
-0.03795179
0.0006540269
2.483939E-05
0.9992794
#44
4.401056
-0.03795179
0.0006540269
2.483939E-05
0.9992794
#45
4.507479
-0.03795179
0.0006540269
2.483939E-05
0.9992794
#46
4.610188
-0.03795179
0.0006540269
2.483939E-05
0.9992794
#47
4.714376
-0.03795179
0.0006540269
2.483939E-05
0.9992794
#48
4.814201
-0.03795179
0.0006540269
2.483939E-05
0.9992794
#49
4.901073
-0.03795179
0.0006540269
2.483939E-05
0.9992794
#50
5.003599
-0.03795179
0.0006540269
2.483939E-05
0.9992794
#51
5.100664
-0.03795179
0.0006540269
2.483939E-05
0.9992794
#52
5.206596
-0.03795179
0.0006540269
2.483939E-05
0.9992794
#53
5.315282
-0.03795179
0.0006540269
2.483939E-05
0.9992794
#54
5.421284
-0.03795179
0.0006540269
2.483939E-05
0.9992794
#55
5.518071
-0.03795179
0.0006540269
2.483939E-05
0.9992794
#56
5.601279
-0.03795179
0.0006540269
2.483939E-05
0.9992794
#57
5.708947
-0.03795179
0.0006540269
2.483939E-05
0.9992794
#58
5.804267
-0.03795179
0.0006540269
2.483939E-05
0.9992794
#59
5.903821
-0.03795179
0.0006540269
2.483939E-05
0.9992794
#60
6.017018
-0.03795179
0.0006540269
2.483939E-05
0.9992794
#61
6.107977
-0.03795179
0.0006540269
2.483939E-05
0.9992794
#62
6.202361
-0.03795179
0.0006540269
2.483939E-05
0.9992794
#63
6.321772
-0.03795179
0.0006540269
2.483939E-05
0.9992794
#64
6.400409
-0.03795179
0.0006540269
2.483939E-05
0.9992794
#65
6.511582
-0.03795179
0.0006540269
2.483939E-05
0.9992794
#66
6.612475
-0.03795179
0.0006540269
2.483939E-05
0.9992794
#67
6.717254
-0.03795179
0.0006540269
2.483939E-05
0.9992794
#68
6.811501
-0.03795179
0.0006540269
2.483939E-05
0.9992794
#69
6.918372
-0.03795179
0.0006540269
2.483939E-05
0.9992794
#70
7.016629
-0.03795179
0.0006540269
2.483939E-05
0.9992794
#71
7.10105
-0.03795179
0.0006540269
2.483939E-05
0.9992794
#72
7.209184
-0.03795179
0.0006540269
2.483939E-05
0.9992794
#73
7.312718
-0.03795179
0.0006540269
2.483939E-05
0.9992794
#74
7.409952
-0.03795179
0.0006540269
2.483939E-05
0.9992794
#75
7.51365
-0.03795179
0.0006540269
2.483939E-05
0.9992794
#76
7.621077
-0.03795179
0.0006540269
2.483939E-05
0.9992794
#77
7.70147
-0.03795179
0.0006540269
2.483939E-05
0.9992794
#78
7.805695
-0.03795179
0.0006540269
2.483939E-05
0.9992794
#79
7.916778
-0.03795179
0.0006540269
2.483939E-05
0.9992794
#80
8.00626
-0.03795179
0.0006540269
2.483939E-05
0.9992794
#81
8.103931
-0.03795179
0.0006540269
2.483939E-05
0.9992794
#82
8.219636
-0.03795179
0.0006540269
2.483939E-05
0.9992794
#83
8.314148
-0.03795179
0.0006540269
2.483939E-05
0.9992794
#84
8.407758
-0.03795179
0.0006540269
2.483939E-05
0.9992794
#85
8.52219
-0.03795179
0.0006540269
2.483939E-05
0.9992794
#86
8.610801
-0.03795179
0.0006540269
2.483939E-05
0.9992794
#87
8.714089
-0.03795179
0.0006540269
2.483939E-05
0.9992794
#88
8.801699
-0.03795179
0.0006540269
2.483939E-05
0.9992794
#89
8.913554
-0.03795179
0.0006540269
2.483939E-05
0.9992794
#90
9.013385
-0.03795179
0.0006540269
2.483939E-05
0.9992794
#91
9.100525
-0.03795179
0.0006540269
2.483939E-05
0.9992794
#92
9.205704
-0.03795179
0.0006540269
2.483939E-05
0.9992794
#93
9.313475
-0.03795179
0.0006540269
2.483939E-05
0.9992794
#94
9.414708
-0.03795179
0.0006540269
2.483939E-05
0.9992794
#95
9.505921
-0.03795179
0.0006540269
2.483939E-05
0.9992794
#96
9.617487
-0.03795179
0.0006540269
2.483939E-05
0.9992794
#97
9.707851
-0.03795179
0.0006540269
2.483939E-05
0.9992794
#98
9.810145
-0.03795179
0.0006540269
2.483939E-05
0.9992794
#99
9.91552
-0.03795179
0.0006540269
2.483939E-05
0.9992794
#100
10.01912
-0.03795179
0.0006540269
2.483939E-05
0.9992794
#101
10.10252
-0.03795179
0.0006540269
2.483939E-05
0.9992794
#102
10.21723
-0.03795179
0.0006540269
2.483939E-05
0.9992794
#103
10.30194
-0.03795179
0.0006540269
2.483939E-05
0.9992794
#104
10.41388
-0.03795179
0.0006540269
2.483939E-05
0.9992794
#105
10.51294
-0.03795179
0.0006540269
2.483939E-05
0.9992794
#106
10.60623
-0.03795179
0.0006540269
2.483939E-05
0.9992794
#107
10.7055
-0.03795179
0.0006540269
2.483939E-05
0.9992794
#108
10.80179
-0.03795179
0.0006540269
2.483939E-05
0.9992794
#109
10.90082
-0.03795179
0.0006540269
2.483939E-05
0.9992794
#110
11.00674
-0.03795179
0.0006540269
2.483939E-05
0.9992794
#111
11.10373
-0.03795179
0.0006540269
2.483939E-05
0.9992794
#112
11.20976
-0.03795179
0.0006540269
2.483939E-05
0.9992794
#113
11.32039
-0.03795179
0.0006540269
2.483939E-05
0.9992794
#114
11.41846
-0.03795179
0.0006540269
2.483939E-05
0.9992794
#115
11.51874
-0.03795179
0.0006540269
2.483939E-05
0.9992794
#116
11.60328
-0.03795179
0.0006540269
2.483939E-05
0.9992794
#117
11.71787
-0.03795179
0.0006540269
2.483939E-05
0.9992794
#118
11.80641
-0.03795179
0.0006540269
2.483939E-05
0.9992794
#119
11.91518
-0.03795179
0.0006540269
2.483939E-05
0.9992794
#120
12.01574
-0.03795179
0.0006540269
2.483939E-05
0.9992794
#121
12.11823
-0.03795179
0.0006540269
2.483939E-05
0.9992794
#122
12.2056
-0.03795179
0.0006540269
2.483939E-05
0.9992794
#123
12.30113
-0.03795179
0.0006540269
2.483939E-05
0.9992794
#124
12.41153
-0.03795179
0.0006540269
2.483939E-05
0.9992794
#125
12.50059
-0.03795179
0.0006540269
2.483939E-05
0.9992794
#126
12.602
-0.03795179
0.0006540269
2.483939E-05
0.9992794
#127
12.70545
-0.03795179
0.0006540269
2.483939E-05
0.9992794
#128
12.80076
-0.03795179
0.0006540269
2.483939E-05
0.9992794
#129
12.92005
-0.03795179
0.0006540269
2.483939E-05
0.9992794
#130
13.00953
-0.03795179
0.0006540269
2.483939E-05
0.9992794
#131
13.10998
-0.03795179
0.0006540269
2.483939E-05
0.9992794
#132
13.204
-0.03795179
0.0006540269
2.483939E-05
0.9992794
#133
13.31721
-0.03795179
0.0006540269
2.483939E-05
0.9992794
#134
13.41857
-0.03795179
0.0006540269
2.483939E-05
0.9992794
#135
13.51418
-0.03795179
0.0006540269
2.483939E-05
0.9992794
#136
13.60547
-0.03795179
0.0006540269
2.483939E-05
0.9992794
#137
13.72199
-0.03795179
0.0006540269
2.483939E-05
0.9992794
#138
13.80158
-0.03795179
0.0006540269
2.483939E-05
0.9992794
#139
13.9054
-0.03795179
0.0006540269
2.483939E-05
0.9992794
#140
14.01809
-0.03795179
0.0006540269
2.483939E-05
0.9992794
#141
14.10093
-0.03795179
0.0006540269
2.483939E-05
0.9992794
#142
14.20579
-0.03795179
0.0006540269
2.483939E-05
0.9992794
#143
14.31382
-0.03795179
0.0006540269
2.483939E-05
0.9992794
#144
14.41453
-0.03795179
0.0006540269
2.483939E-05
0.9992794
#145
14.51513
-0.03795179
0.0006540269
2.483939E-05
0.9992794
#146
14.60822
-0.03795179
0.0006540269
2.483939E-05
0.9992794
#147
14.70456
-0.03795179
0.0006540269
2.483939E-05
0.9992794
#148
14.8066
-0.03795179
0.0006540269
2.483939E-05
0.9992794
#149
14.90129
-0.03795179
0.0006540269
2.483939E-05
0.9992794
#150
15.00874
-0.03795179
0.0006540269
2.483939E-05
0.9992794
#151
15.12047
-0.03795179
0.0006540269
2.483939E-05
0.9992794
#152
15.20182
-0.03795179
0.0006540269
2.483939E-05
0.9992794
#153
15.31601
-0.03795179
0.0006540269
2.483939E-05
0.9992794
#154
15.41439
-0.03795179
0.0006540269
2.483939E-05
0.9992794
#155
15.50447
-0.03795179
0.0006540269
2.483939E-05
0.9992794
#156
15.61103
-0.03795179
0.0006540269
2.483939E-05
0.9992794
#157
15.70377
-0.03795179
0.0006540269
2.483939E-05
0.9992794
#158
15.8011
-0.03795179
0.0006540269
2.483939E-05
0.9992794
#159
15.91088
-0.03795179
0.0006540269
2.483939E-05
0.9992794
#160
16.00039
-0.03795179
0.0006540269
2.483939E-05
0.9992794
#161
16.10968
-0.03795179
0.0006540269
2.483939E-05
0.9992794
#162
16.20102
-0.03795179
0.0006540269
2.483939E-05
0.9992794
#163
16.30043
-0.03795179
0.0006540269
2.483939E-05
0.9992794
#164
16.41387
-0.03795179
0.0006540269
2.483939E-05
0.9992794
#165
16.51615
-0.03795179
0.0006540269
2.483939E-05
0.9992794
#166
16.60484
-0.03795179
0.0006540269
2.483939E-05
0.9992794
#167
16.71308
-0.03795179
0.0006540269
2.483939E-05
0.9992794
#168
16.81668
-0.03795179
0.0006540269
2.483939E-05
0.9992794
#169
16.92691
-0.03795179
0.0006540269
2.483939E-05
0.9992794
#170
17.00508
-0.03795179
0.0006540269
2.483939E-05
0.9992794
#171
17.11655
0.00850791
-0.0104714
8.909788E-05
0.999909
#172
17.21252
-7.801012E-10
-0.01767054
-1.378696E-11
0.9998439
#173
17.31484
-0.09389039
-0.06771345
-0.006400805
0.9932566
#174
17.40155
-0.1297096
-0.1107303
-0.01457792
0.985242
#175
17.50843
-0.1334238
-0.1203342
-0.01632329
0.9835911
#176
17.62014
-0.1274044
-0.1660103
-0.02163463
0.9776199
#177
17.71947
-0.1251808
-0.7731346
-0.1611642
0.6005155
#178
17.81012
-0.1220023
-0.813673
-0.1846753
0.5375378
#179
17.90429
-0.1276999
-0.7890118
-0.1752809
0.5748301
#180
18.00354
-0.118039
-0.8611839
-0.2331716
0.4359589
#181
18.10431
-0.01271258
-0.9504501
-0.3081324
0.0392126
#182
18.20851
-0.01440153
-0.9523661
-0.3011938
0.04553723
#183
18.30511
-0.03724406
-0.9491853
-0.2872539
0.1230671
#184
18.4044
-0.07921726
-0.9207279
-0.2753561
0.2648845
#185
18.51813
-0.094434
-0.9049869
-0.2758189
0.3098465
#186
18.61063
-0.04308867
-0.9322056
-0.3392951
0.1183852
#187
18.70838
0.1105743
-0.8892286
-0.3236527
-0.3038005
#188
18.80608
0.1078987
-0.8918634
-0.3213104
-0.2994951
#189
18.90139
0.09437141
-0.9044133
-0.317829
-0.268543
#190
19.00906
0.1904572
-0.7732899
-0.2728873
-0.5397049
#191
19.10382
0.1914648
-0.7614618
-0.2592227
-0.562424
#192
19.2105
0.1867569
-0.7621192
-0.2511249
-0.5667737
#193
19.3052
0.1801215
-0.76561
-0.2428658
-0.5678149
#194
19.42206
0.1591582
-0.7791087
-0.2193644
-0.5652766
#195
19.50076
0.1531851
-0.7823361
-0.2120063
-0.5652769
#196
19.6145
0.1468247
-0.7865993
-0.2048938
-0.5636689
#197
19.71395
0.1468247
-0.7865993
-0.2048938
-0.5636689
#198
19.8114
0.1620601
-0.6584661
-0.1482408
-0.7198497
#199
19.91732
0.1064484
-0.4245805
-0.05034633
-0.8977001
#200
20.01439
0.1152549
-0.4983416
-0.06704631
-0.8566661
#201
20.1016
0.12184
-0.4994787
-0.07119752
-0.8547555
#202
20.22249
0.09208319
-0.634342
-0.07648297
-0.7637286
#203
20.32405
0.02870305
-0.8725633
-0.05164876
-0.4849143
#204
20.40055
0.02679117
-0.8897463
-0.05266586
-0.4526148
#205
20.51752
0.02613418
-0.8953059
-0.05299494
-0.4415154
#206
20.61264
0.02856837
-0.8895326
-0.05615946
-0.452506
#207
20.7001
0.03200712
-0.8810942
-0.06026008
-0.4679929
#208
20.81156
0.04041681
-0.8732175
-0.07351796
-0.480055
#209
20.91676
0.04077947
-0.8728548
-0.07406278
-0.4805998
#210
21.00098
0.04430299
-0.8642053
-0.0773183
-0.4951852
#211
21.10814
0.09619494
0.1672571
0.0163997
-0.9810722
#212
21.21393
0.03575143
0.5052231
0.02095428
-0.8619933
#213
21.30846
0.03816897
0.4755594
0.02065941
-0.8786123
#214
21.40571
0.0382498
0.4721055
0.02050936
-0.880473
#215
21.51028
0.05258668
0.7364972
0.05764022
-0.6719257
#216
21.60418
0.05727365
0.7591161
0.06741543
-0.6449169
#217
21.70456
0.03641605
0.6619995
0.03223239
-0.747925
#218
21.82676
0.02087681
0.9689925
0.08797204
-0.2299534
#219
21.90891
0.003686879
0.9949312
0.09229696
-0.03974336
#220
22.01043
0.006476817
0.9921067
0.1110634
-0.05785608
#221
22.11799
0.007460793
0.9917336
0.1083935
-0.06826165
#222
22.21323
-0.0762451
0.7785537
0.09645654
0.6154161
#223
22.30072
-0.08243479
0.6626047
0.07373756
0.7407579
#224
22.41526
-0.07683826
0.6607337
0.06828017
0.7435487
#225
22.50084
-0.0946567
0.5449502
0.06208922
0.8307914
#226
22.60435
-0.1350538
-0.057682
-0.00787581
0.9891265
#227
22.70515
-0.1363049
-0.06284864
-0.008665073
0.9886334
#228
22.81457
-0.1260917
-0.04089246
-0.005202177
0.9911618
#229
22.91356
-0.07870005
-0.8264983
-0.1194683
0.5444577
#230
23.01254
-0.07548805
-0.8420932
-0.1222853
0.5198336
#231
23.12007
-0.07418771
-0.837843
-0.1177511
0.527873
#232
23.21006
0.007188194
-0.9823376
-0.1829523
-0.03859603
#233
23.3224
0.0806771
-0.8895659
-0.1729141
-0.4150477
#234
23.40004
0.0806771
-0.8895659
-0.1729141
-0.4150477
#235
23.50328
0.07719406
-0.8902948
-0.1646046
-0.4175185
#236
23.60562
0.06093052
-0.9255347
-0.1692413
-0.3332125
#237
23.717
0.05262582
-0.9438305
-0.1847445
-0.268857
#238
23.82229
0.04461289
-0.9553866
-0.2059074
-0.2069986
#239
23.90785
0.04147718
-0.9583629
-0.2085189
-0.1906311
#240
24.01661
0.03428753
-0.9644648
-0.2085246
-0.1585862
#241
24.10226
0.03428753
-0.9644648
-0.2085246
-0.1585862
#242
24.20404
0.03428753
-0.9644648
-0.2085246
-0.1585862
#243
24.304
0.03428753
-0.9644648
-0.2085246
-0.1585862
#244
24.41396
0.05353365
-0.939939
-0.1744195
-0.2884905
#245
24.5156
0.1344625
-0.6645665
-0.1233201
-0.7246126
#246
24.6096
0.1616879
-0.4555193
-0.0845283
-0.8713289
#247
24.70284
0.1738856
-0.2977036
-0.05524328
-0.9370617
#248
24.81423
0.1817914
-0.1828828
-0.03443211
-0.9655673
#249
24.90403
0.1836241
-0.2161253
-0.0414236
-0.9580481
#250
25.00531
0.1519988
-0.3282256
-0.05360195
-0.9307477
#251
25.10967
0.1882091
0.01735386
0.003326124
-0.9819701
#252
25.21473
0.2157817
0.599472
0.172179
-0.7512829
#253
25.30416
0.2830043
0.5276758
0.1920583
-0.7775478
#254
25.40323
0.2934758
0.4825694
0.1756409
-0.8063182
#255
25.50245
0.3128807
0.3761064
0.1366128
-0.8613864
#256
25.60774
0.3409827
-0.04673467
-0.0169754
-0.9387537
#257
25.71844
0.3346695
-0.1857817
-0.06748135
-0.9213728
#258
25.80584
0.2645544
-0.464563
-0.1477028
-0.8320913
#259
25.91951
0.207887
-0.6096349
-0.1699264
-0.7458239
#260
26.0001
0.1373025
-0.7490021
-0.1639937
-0.6270964
#261
26.11901
0.03377579
-0.9453583
-0.103951
-0.307166
#262
26.20424
0.03377579
-0.9453583
-0.103951
-0.307166
#263
26.30247
0.03377579
-0.9453583
-0.103951
-0.307166
#264
26.41405
0.02443687
-0.9538918
-0.08093889
-0.2879967
#265
26.51722
0.02143964
-0.9629101
-0.08043472
-0.2566609
#266
26.60034
0.01842474
-0.9718128
-0.0811784
-0.2205685
#267
26.70382
0.01588869
-0.9796938
-0.08635825
-0.1802497
#268
26.81804
0.01681112
-0.9799151
-0.09413933
-0.1749903
#269
26.90274
0.01665814
-0.9825275
-0.10934
-0.1496898
#270
27.01878
0.01669202
-0.9828996
-0.1145947
-0.1431705
#271
27.10013
0.01654201
-0.9830862
-0.1146164
-0.1418839
#272
27.22212
-0.01689726
-0.9202325
-0.03997707
0.3889582
#273
27.31413
-0.02785416
-0.9015201
-0.0586937
0.4278326
#274
27.41365
-0.02785416
-0.9015201
-0.0586937
0.4278326
#275
27.50593
-0.02501888
-0.9021648
-0.05280843
0.4274156
#276
27.60599
-0.03165016
-0.8658968
-0.05523628
0.4961552
#277
27.71375
-0.08623274
-0.6107757
-0.06716052
0.7842235
#278
27.80028
-0.09247675
-0.5298667
-0.05826382
0.8410082
#279
27.91057
-0.1044266
-0.2935214
-0.03227543
0.9496834
#280
28.01488
-0.0825448
-0.03325809
-0.002756228
0.9960285
#281
28.11672
-0.07110576
0.1042621
0.007473598
0.9919766
#282
28.20944
-0.07110576
0.1042621
0.007473598
0.9919766
#283
28.30319
-0.07365559
0.1100823
0.008180528
0.9911558
#284
28.41061
-0.09410554
0.3056444
0.03037267
0.9469969
#285
28.5084
-0.0883749
0.5080256
0.05249933
0.8551863
#286
28.60667
-0.09001432
0.6140012
0.07077087
0.7809555
#287
28.71746
-0.07595509
0.7497747
0.08741501
0.6514809
#288
28.8127
-0.06366632
0.8620396
0.1119594
0.4902035
#289
28.91402
-0.04266339
0.9194953
0.1041537
0.3766433
#290
29.01485
-0.04827795
0.8781686
0.09074988
0.4671761
#291
29.1154
-0.05333301
0.8286912
0.08015882
0.5513629
#292
29.21988
-0.05216654
0.7600444
0.0614855
0.6448494
#293
29.31464
-0.05216654
0.7600444
0.0614855
0.6448494
#294
29.40836
-0.06514184
0.781748
0.08285482
0.6146233
#295
29.50564
-0.08392682
0.7977887
0.1142525
0.586034
#296
29.60195
-0.09271168
0.8010515
0.1286662
0.5772054
#297
29.70855
-0.1020538
0.8006256
0.1426131
0.5729269
#298
29.80831
-0.1085971
0.7996379
0.1521775
0.5706383
#299
29.91502
-0.1210066
0.7957926
0.1693324
0.568681
#300
30.00204
-0.12844
0.793508
0.1797345
0.5670484
#301
30.1118
-0.1518445
0.7850569
0.2121921
0.5617859
#302
30.20625
-0.1521461
0.7944333
0.2219966
0.5444674
#303
30.3107
-0.1397558
0.8298503
0.239524
0.4841953
#304
30.40531
-0.1354654
0.8396357
0.2441354
0.4658957
#305
30.5038
-0.005243628
0.9933048
0.1039624
0.05010004
#306
30.60392
-0.004916574
0.9938681
0.0987633
0.04947613
#307
30.72729
-0.008101746
0.9917914
0.09724604
0.08262797
#308
30.80978
-0.006335699
0.9932621
0.09476555
0.06640609
#309
30.91014
0.01315158
0.9868298
0.1170174
-0.1109098
#310
31.0063
0.05442109
0.9219691
0.1406695
-0.3566841
#311
31.12049
0.0813532
0.8508912
0.1383859
-0.5002151
#312
31.20596
0.08450169
0.8392102
0.1364862
-0.5195742
#313
31.31045
0.07341824
0.6498492
0.06328891
-0.7538569
#314
31.40649
0.06910926
0.5649454
0.04756394
-0.8208522
#315
31.51531
0.06966481
0.5552357
0.04674646
-0.8274508
#316
31.60798
0.06966481
0.5552357
0.04674646
-0.8274508
#317
31.70498
0.06774009
0.5406737
0.04373904
-0.8373591
#318
31.80529
0.09233491
0.4253176
0.04367099
-0.899262
#319
31.91006
0.1417738
0.1618422
0.02350206
-0.9762965
#320
32.01467
0.1718184
0.06056475
0.01058386
-0.9832082
#321
32.11652
0.1771804
0.03606177
0.006496661
-0.9834961
#322
32.21761
0.1830582
-0.01930336
-0.003595093
-0.982906
#323
32.30433
0.2015365
-0.04165691
-0.008579353
-0.9785572
#324
32.41628
0.2226957
-0.03317349
-0.007582511
-0.9742939
#325
32.51799
0.1910038
-0.1312637
-0.02578265
-0.9724313
#326
32.61504
0.174089
-0.1450789
-0.02594047
-0.9736387
#327
32.70019
0.1564706
-0.1608361
-0.02583376
-0.9741567
#328
32.80972
0.1564875
-0.1601983
-0.02573131
-0.9742618
#329
32.9117
0.1553918
-0.1532121
-0.02440348
-0.9755942
#330
33.01829
0.1547691
-0.1525892
-0.02420188
-0.9757957
