#0
0
0
0
0
1
#1
0.3733333
0
0
0
1
#2
0.4188763
0
0
0
1
#3
0.4655578
0
0
0
1
#4
0.4822853
0
0
0
1
#5
0.516416
0
0
0
1
#6
0.6027387
0
0
0
1
#7
0.7138333
0
0
0
1
#8
0.8152183
0
0
0
1
#9
0.9180299
0
0
0
1
#10
1.035462
0
-0.0006544985
0
0.9999998
#11
1.115397
-0.03845964
-0.0868736
-0.003356328
0.9954711
#12
1.213254
-0.1292033
-0.2733437
-0.03707897
0.9524783
#13
1.309892
-0.1780514
-0.5050631
-0.1073545
0.8376658
#14
1.411583
-0.1086434
-0.750093
-0.1273738
0.6397914
#15
1.509165
-0.07477825
-0.7795672
-0.09485576
0.6145613
#16
1.613469
-0.07477825
-0.7795672
-0.09485576
0.6145613
#17
1.701034
-0.07477825
-0.7795672
-0.09485576
0.6145613
#18
1.807286
-0.07477825
-0.7795672
-0.09485576
0.6145613
#19
1.909338
-0.07477825
-0.7795672
-0.09485576
0.6145613
#20
2.01486
-0.07446744
-0.7815742
-0.09509996
0.6120069
#21
2.103212
-0.07315335
-0.7899117
-0.09611445
0.6012072
#22
2.221183
-0.06636717
-0.8216489
-0.09779391
0.5576064
#23
2.310316
-0.0604389
-0.8449447
-0.09776346
0.5223581
#24
2.413594
-0.05131339
-0.8813257
-0.09846716
0.459278
#25
2.51391
-0.04260763
-0.9141425
-0.09971128
0.3906222
#26
2.604621
-0.03546921
-0.9400173
-0.1031562
0.3232154
#27
2.721815
-0.02759154
-0.9623397
-0.1068809
0.2484301
#28
2.809166
-0.02400921
-0.9700946
-0.1077422
0.2161754
#29
2.910568
-0.02144806
-0.9750994
-0.1089441
0.1919698
#30
3.008601
-0.01973419
-0.9779944
-0.1092676
0.1766299
#31
3.113528
-0.01485319
-0.9848845
-0.1100374
0.1329428
#32
3.203455
-0.01407047
-0.9858259
-0.1107959
0.1251944
#33
3.304268
-0.009928222
-0.9898095
-0.1112436
0.08833809
#34
3.403276
-0.004924511
-0.9927151
-0.1122281
0.0435598
#35
3.517428
-0.004483781
-0.9928785
-0.1122466
0.03966133
#36
3.608452
-0.001453408
-0.9937314
-0.1110258
0.01300866
#37
3.706337
0.01185373
-0.9879131
-0.09795387
-0.1195507
#38
3.824314
0.0167731
-0.9806364
-0.09723237
-0.169165
#39
3.90775
0.0175555
-0.9789373
-0.09577005
-0.1794479
#40
4.005103
0.02048614
-0.9705263
-0.08917886
-0.2229489
#41
4.108493
0.02121699
-0.9668775
-0.08565373
-0.2395019
#42
4.208803
0.02215851
-0.9587542
-0.0779817
-0.2724301
#43
4.304021
0.02479128
-0.9466544
-0.0751268
-0.3123888
#44
4.421019
0.02463659
-0.942131
-0.07104594
-0.3267026
#45
4.514499
0.02670577
-0.9298537
-0.06889613
-0.3604333
#46
4.613875
0.03053938
-0.9081042
-0.06728464
-0.4121734
#47
4.701778
0.031023
-0.9051132
-0.06706302
-0.4187007
#48
4.805809
0.03842414
-0.8431884
-0.06081035
-0.5327842
#49
4.904207
0.06076751
-0.7269744
-0.06488077
-0.6808863
#50
5.003154
0.07222886
-0.6674021
-0.06529237
-0.7383051
#51
5.101768
0.06690168
-0.6219274
-0.0534547
-0.7783785
#52
5.200521
0.06693666
-0.6214176
-0.05341088
-0.7787855
#53
5.311982
0.06693666
-0.6214176
-0.05341088
-0.7787855
#54
5.407937
0.0657101
-0.624541
-0.05285587
-0.7764257
#55
5.506601
0.06647516
-0.3810886
-0.02748393
-0.9217359
#56
5.613626
0.08124939
-0.2383299
-0.02001313
-0.9675727
#57
5.726318
0.1017705
-0.05466371
-0.005600738
-0.9932892
#58
5.804003
0.1076628
0.04683238
0.005077288
-0.9930708
#59
5.919044
0.1074666
0.07605656
0.0082456
-0.991261
#60
6.003399
0.1160128
0.06171696
0.007222779
-0.9913021
#61
6.103553
0.1285374
0.0253115
0.003281775
-0.9913762
#62
6.205205
0.1291883
0.02466034
0.003213762
-0.9913082
#63
6.317682
0.1304879
0.02400745
0.003160642
-0.9911542
#64
6.416428
0.1441087
0.02072421
0.003018719
-0.9893402
#65
6.501058
0.1577109
0.01421841
0.002271058
-0.9873804
#66
6.60679
0.169339
0.01096543
0.001884206
-0.9854951
#67
6.709038
0.1757889
0.00901993
0.001610755
-0.9843853
#68
6.815574
0.1764332
0.009018874
0.001616659
-0.98427
#69
6.908172
0.1770773
0.009017814
0.001622561
-0.9841543
#70
7.001597
0.1770773
0.009017814
0.001622561
-0.9841543
#71
7.107906
0.1770738
0.01095053
0.001970312
-0.9841347
#72
7.207745
0.1783592
0.01223601
0.002218146
-0.9838869
#73
7.31603
0.1809296
0.01416143
0.002605497
-0.9833907
#74
7.40846
0.1835035
0.01415456
0.002642562
-0.9829137
#75
7.510179
0.1835035
0.01415456
0.002642562
-0.9829137
#76
7.618532
0.1835035
0.01415456
0.002642562
-0.9829137
#77
7.706627
0.1835035
0.01415456
0.002642562
-0.9829137
#78
7.807393
0.1835035
0.01415456
0.002642562
-0.9829137
#79
7.920424
0.1835035
0.01415456
0.002642562
-0.9829137
#80
8.011939
0.1835035
0.01415456
0.002642562
-0.9829137
#81
8.113624
0.1835035
0.01415456
0.002642562
-0.9829137
#82
8.201475
0.1835035
0.01415456
0.002642562
-0.9829137
#83
8.309122
0.1835035
0.01415456
0.002642562
-0.9829137
#84
8.416479
0.1835035
0.01415456
0.002642562
-0.9829137
#85
8.513241
0.1835035
0.01415456
0.002642562
-0.9829137
#86
8.602011
0.1835035
0.01415456
0.002642562
-0.9829137
#87
8.707037
0.1835035
0.01415456
0.002642562
-0.9829137
#88
8.802643
0.1835035
0.01415456
0.002642562
-0.9829137
#89
8.914642
0.1835035
0.01415456
0.002642562
-0.9829137
#90
9.01229
0.1835035
0.01415456
0.002642562
-0.9829137
#91
9.100828
0.1835035
0.01415456
0.002642562
-0.9829137
#92
9.2218
0.1853277
0.03600902
0.006795841
-0.9819933
#93
9.310843
0.1849088
0.07517538
0.01418755
-0.9797735
#94
9.407993
0.1834272
0.1448222
0.02733173
-0.9719228
#95
9.506949
0.1804551
0.2758673
0.05281166
-0.9426262
#96
9.61729
0.172018
0.3965443
0.07591391
-0.8985541
#97
9.707877
0.1634455
0.4855052
0.09294446
-0.8537749
#98
9.819529
0.1622771
0.4960847
0.09496978
-0.8476714
#99
9.918605
0.1617776
0.5005164
0.09581818
-0.8450623
#100
10.0033
0.191132
0.5113322
0.1178154
-0.8295345
#101
10.10269
0.2184478
0.5355461
0.1457557
-0.8026371
#102
10.2036
0.2239022
0.5441025
0.1534528
-0.793897
#103
10.31682
0.2358015
0.5646691
0.172502
-0.771874
#104
10.41813
0.2334083
0.5752248
0.1757267
-0.7640401
#105
10.50777
0.2324764
0.5871767
0.18106
-0.7539201
#106
10.61662
0.2317773
0.591979
0.1829652
-0.7499093
#107
10.71365
0.2330129
0.5980937
0.1874313
-0.7435445
#108
10.80252
0.2338627
0.5983343
0.1883672
-0.7428473
#109
10.91352
0.237479
0.6001213
0.1928224
-0.739106
#110
11.00736
0.2417
0.5994579
0.1965124
-0.7373021
#111
11.10939
0.2497553
0.5977151
0.2033335
-0.734176
#112
11.21457
0.2497553
0.5977151
0.2033335
-0.734176
#113
11.31423
0.2510625
0.5977948
0.204671
-0.7332931
#114
11.4069
0.2542836
0.59733
0.2075742
-0.7317443
#115
11.50074
0.2549683
0.5980148
0.2086899
-0.7306285
#116
11.61088
0.2638158
0.5980357
0.2176672
-0.7248279
#117
11.70166
0.2635306
0.5989843
0.2180124
-0.7240443
#118
11.8106
0.2633878
0.599458
0.2181849
-0.7236521
#119
11.90452
0.2623853
0.6027674
0.2193894
-0.7208979
#120
12.00459
0.2626723
0.6018233
0.2190458
-0.7216862
#121
12.10625
0.2633878
0.599458
0.2181849
-0.7236521
#122
12.21371
0.2649517
0.5942327
0.216283
-0.727949
#123
12.30922
0.2560116
0.6068343
0.2154874
-0.7209545
#124
12.40219
0.2560116
0.6068343
0.2154874
-0.7209545
#125
12.50888
0.2560116
0.6068343
0.2154874
-0.7209545
#126
12.60947
0.2636732
0.5985103
0.2178399
-0.7244361
#127
12.71474
0.116209
0.8477131
0.2078262
-0.4740109
#128
12.81326
0.06187454
0.917127
0.1571793
-0.3610323
#129
12.90206
0.03559761
0.9568689
0.1332022
-0.2557184
#130
13.01281
0.02014116
0.9798245
0.1363977
-0.1446857
#131
13.11493
-0.00559361
0.989634
0.1377633
0.04018216
#132
13.20864
-0.03255628
0.9612842
0.1299708
0.2407913
#133
13.30663
-0.04381533
0.9364985
0.1266196
0.3240651
#134
13.41101
-0.04381533
0.9364985
0.1266196
0.3240651
#135
13.504
-0.03912351
0.9474483
0.1274687
0.2907969
#136
13.6061
-0.04168853
0.9421961
0.128018
0.3068224
#137
13.72712
-0.09606166
0.7252109
0.1033742
0.6739103
#138
13.80505
-0.1042373
0.6226354
0.08418363
0.7709559
#139
13.90702
-0.09770082
0.4753381
0.05321272
0.8727409
#140
14.00677
-0.101811
0.3471169
0.03793886
0.9315069
#141
14.10784
-0.1542397
0.3510399
0.05874394
0.9216997
#142
14.20759
-0.2450592
0.3747188
0.1033907
0.8881679
#143
14.31266
-0.2652507
0.377369
0.1137548
0.8799401
#144
14.41699
-0.2850953
0.3841964
0.1260388
0.8690386
#145
14.50271
-0.2891928
0.3902476
0.130575
0.8643059
#146
14.60879
-0.2912736
0.398187
0.1349726
0.8592957
#147
14.70317
-0.2923352
0.4018521
0.1370952
0.8568897
#148
14.81389
-0.3035894
0.4092017
0.1465155
0.8478919
#149
14.91854
-0.3073403
0.4123023
0.1500657
0.8444105
#150
15.00665
-0.3073403
0.4123023
0.1500657
0.8444105
#151
15.10271
-0.2977192
0.2981543
0.09846079
0.9015391
#152
15.21353
-0.2450821
0.1690144
0.04343483
0.9536678
#153
15.31837
-0.2356576
0.1556748
0.03827341
0.9585229
#154
15.41711
-0.2222935
0.1605903
0.03714901
0.9609455
#155
15.50665
-0.2012935
0.1834037
0.03839856
0.9614414
#156
15.60582
-0.189513
0.1951844
0.03847058
0.9615133
#157
15.71641
-0.1888333
0.1964681
0.03859003
0.9613808
#158
15.8133
-0.1847794
0.20354
0.03914958
0.9606745
#159
15.91159
-0.1840478
0.2060805
0.03949838
0.9602589
#160
16.00731
-0.1840478
0.2060805
0.03949838
0.9602589
#161
16.10415
-0.1839699
0.2079661
0.03985979
0.9598523
#162
16.21484
-0.1875766
0.2115736
0.04141323
0.9582988
#163
16.30901
-0.1888036
0.2121459
0.04181368
0.9579139
#164
16.41009
-0.1888036
0.2121459
0.04181368
0.9579139
#165
16.5146
-0.1888036
0.2121459
0.04181368
0.9579139
#166
16.60794
-0.1888036
0.2121459
0.04181368
0.9579139
#167
16.71539
-0.1888036
0.2121459
0.04181368
0.9579139
#168
16.8118
-0.1776211
0.05921803
0.01070837
0.9822572
#169
16.91481
-0.1487527
-0.1360981
-0.02067404
0.979246
#170
17.01007
-0.1425043
-0.1579923
-0.0230486
0.9768314
#171
17.10841
-0.1362383
-0.1792025
-0.02506569
0.9740109
#172
17.21081
-0.1222218
-0.2043761
-0.02572812
0.9708915
#173
17.31642
-0.1215527
-0.2056641
-0.02575353
0.9707029
#174
17.40889
-0.1209174
-0.2056809
-0.02561892
0.9707822
#175
17.51396
-0.1228233
-0.2056302
-0.02602272
0.9705429
#176
17.61077
-0.1298074
-0.2054375
-0.02750247
0.9696335
#177
17.7099
-0.1399331
-0.225349
-0.03272425
0.9636212
#178
17.80354
-0.1590482
-0.2496795
-0.04161406
0.9542705
#179
17.91427
-0.1590209
-0.2503042
-0.04171817
0.9541068
#180
18.00335
-0.1542065
-0.2461417
-0.03970095
0.956064
#181
18.10082
-0.1483605
-0.2357325
-0.03644067
0.9597352
#182
18.21138
-0.1483605
-0.2357325
-0.03644067
0.9597352
#183
18.303
-0.1484317
-0.2338475
-0.03614927
0.9601961
#184
18.40259
-0.1484317
-0.2338475
-0.03614927
0.9601961
#185
18.50674
-0.1484317
-0.2338475
-0.03614927
0.9601961
#186
18.61242
-0.1497361
-0.2325428
-0.03625932
0.9603063
#187
18.70821
-0.1845278
-0.2372981
-0.04596492
0.9526418
#188
18.80856
-0.1882367
-0.2377389
-0.04701967
0.9517543
#189
18.91752
-0.1980953
-0.2390975
-0.04989563
0.9492635
#190
19.00386
-0.2151338
-0.2437085
-0.05553697
0.9440547
#191
19.10778
-0.2203897
-0.2483103
-0.05812635
0.9414839
#192
19.21294
-0.2203897
-0.2483103
-0.05812635
0.9414839
#193
19.31846
-0.1924944
-0.2269565
-0.04581399
0.9535921
#194
19.40078
-0.1631847
-0.1911044
-0.03223711
0.9673731
#195
19.52528
-0.1454455
-0.1681315
-0.02508992
0.9746528
#196
19.61267
-0.1277295
-0.1608829
-0.02100212
0.9784482
#197
19.70405
-0.1142696
-0.1611563
-0.01878895
0.9801113
#198
19.81488
-0.1046307
-0.1619754
-0.01727443
0.9810801
#199
19.91377
-0.0988499
-0.1620743
-0.01632002
0.9816793
#200
20.02426
-0.0988499
-0.1620743
-0.01632002
0.9816793
#201
20.11474
-0.09883919
-0.162717
-0.01638474
0.981573
#202
20.20834
-0.09883919
-0.162717
-0.01638474
0.981573
#203
20.31212
-0.09882845
-0.1633591
-0.0164494
0.9814664
#204
20.4099
-0.1007554
-0.1633265
-0.01677012
0.9812704
#205
20.52535
-0.1013865
-0.1639578
-0.01694339
0.9810971
#206
20.62468
-0.1018681
-0.1729293
-0.0179849
0.9794871
#207
20.70249
-0.1017237
-0.1806167
-0.0187844
0.9780987
#208
20.80836
-0.1016113
-0.1863749
-0.01938326
0.9770179
#209
20.90555
-0.1015858
-0.1876536
-0.01951625
0.9767731
#210
21.01159
-0.1015858
-0.1876536
-0.01951625
0.9767731
#211
21.10712
-0.1044918
-0.1696757
-0.01809566
0.9797776
#212
21.21061
-0.1321099
-0.1652628
-0.0223444
0.9771059
#213
21.31295
-0.1794551
-0.1576384
-0.0291454
0.9706166
#214
21.41205
-0.1873134
-0.1694223
-0.0328173
0.9670227
#215
21.51221
-0.1803362
-0.2337594
-0.04416928
0.9544027
#216
21.60083
-0.1752931
-0.2483118
-0.04574176
0.9515888
#217
21.71773
-0.1766434
-0.2326811
-0.04301989
0.9554088
#218
21.80696
-0.1766434
-0.2326811
-0.04301989
0.9554088
#219
21.92246
-0.1780347
-0.2294975
-0.04274203
0.9559329
#220
22.01611
-0.1795637
-0.2231814
-0.04186806
0.9571803
#221
22.10202
-0.1808165
-0.2231264
-0.04216018
0.9569444
#222
22.21778
-0.1808165
-0.2231264
-0.04216018
0.9569444
#223
22.31446
-0.1808165
-0.2231264
-0.04216018
0.9569444
#224
22.41903
-0.1808165
-0.2231264
-0.04216018
0.9569444
#225
22.51715
-0.1808165
-0.2231264
-0.04216018
0.9569444
#226
22.61712
-0.1808165
-0.2231264
-0.04216018
0.9569444
#227
22.71476
-0.1808165
-0.2231264
-0.04216018
0.9569444
#228
22.80073
-0.1808165
-0.2231264
-0.04216018
0.9569444
#229
22.91553
-0.1808165
-0.2231264
-0.04216018
0.9569444
#230
23.01515
-0.1808165
-0.2231264
-0.04216018
0.9569444
#231
23.12022
-0.1808165
-0.2231264
-0.04216018
0.9569444
#232
23.21617
-0.1808165
-0.2231264
-0.04216018
0.9569444
#233
23.30804
-0.1808165
-0.2231264
-0.04216018
0.9569444
#234
23.40104
-0.1808165
-0.2231264
-0.04216018
0.9569444
#235
23.50909
-0.1808165
-0.2231264
-0.04216018
0.9569444
#236
23.61504
-0.1808165
-0.2231264
-0.04216018
0.9569444
#237
23.71371
-0.1808165
-0.2231264
-0.04216018
0.9569444
#238
23.80297
-0.1808165
-0.2231264
-0.04216018
0.9569444
#239
23.91399
-0.1808165
-0.2231264
-0.04216018
0.9569444
#240
24.01385
-0.1808165
-0.2231264
-0.04216018
0.9569444
#241
24.1067
-0.1808165
-0.2231264
-0.04216018
0.9569444
#242
24.20843
-0.1808165
-0.2231264
-0.04216018
0.9569444
#243
24.30274
-0.1808165
-0.2231264
-0.04216018
0.9569444
#244
24.41529
-0.1808165
-0.2231264
-0.04216018
0.9569444
#245
24.50815
-0.1808165
-0.2231264
-0.04216018
0.9569444
#246
24.60747
-0.1808165
-0.2231264
-0.04216018
0.9569444
#247
24.70208
-0.1808165
-0.2231264
-0.04216018
0.9569444
#248
24.81439
-0.1808165
-0.2231264
-0.04216018
0.9569444
#249
24.91444
-0.1808165
-0.2231264
-0.04216018
0.9569444
#250
25.01302
-0.1808165
-0.2231264
-0.04216018
0.9569444
#251
25.10699
-0.1808165
-0.2231264
-0.04216018
0.9569444
#252
25.203
-0.1808165
-0.2231264
-0.04216018
0.9569444
#253
25.30281
-0.1808165
-0.2231264
-0.04216018
0.9569444
#254
25.40108
-0.1808165
-0.2231264
-0.04216018
0.9569444
#255
25.513
-0.1808165
-0.2231264
-0.04216018
0.9569444
#256
25.61718
-0.1808165
-0.2231264
-0.04216018
0.9569444
#257
25.71145
-0.1808165
-0.2231264
-0.04216018
0.9569444
#258
25.80767
-0.1808165
-0.2231264
-0.04216018
0.9569444
#259
25.91127
-0.1808165
-0.2231264
-0.04216018
0.9569444
#260
26.01388
-0.1808165
-0.2231264
-0.04216018
0.9569444
#261
26.10379
-0.1808165
-0.2231264
-0.04216018
0.9569444
#262
26.21699
-0.1808165
-0.2231264
-0.04216018
0.9569444
#263
26.30867
-0.1808165
-0.2231264
-0.04216018
0.9569444
#264
26.41706
-0.1808165
-0.2231264
-0.04216018
0.9569444
#265
26.50941
-0.1808165
-0.2231264
-0.04216018
0.9569444
#266
26.60945
-0.1808165
-0.2231264
-0.04216018
0.9569444
#267
26.71405
-0.1808165
-0.2231264
-0.04216018
0.9569444
#268
26.80932
-0.1808165
-0.2231264
-0.04216018
0.9569444
#269
26.9133
-0.1808165
-0.2231264
-0.04216018
0.9569444
#270
27.02353
-0.1808165
-0.2231264
-0.04216018
0.9569444
#271
27.10582
-0.1808165
-0.2231264
-0.04216018
0.9569444
#272
27.21234
-0.1808165
-0.2231264
-0.04216018
0.9569444
#273
27.31226
-0.1808165
-0.2231264
-0.04216018
0.9569444
#274
27.40671
-0.1808165
-0.2231264
-0.04216018
0.9569444
#275
27.50255
-0.1808165
-0.2231264
-0.04216018
0.9569444
#276
27.60139
-0.1808165
-0.2231264
-0.04216018
0.9569444
#277
27.70901
-0.1808165
-0.2231264
-0.04216018
0.9569444
#278
27.81798
-0.1808165
-0.2231264
-0.04216018
0.9569444
#279
27.91229
-0.1808165
-0.2231264
-0.04216018
0.9569444
#280
28.00769
-0.1808165
-0.2231264
-0.04216018
0.9569444
#281
28.10333
-0.1808165
-0.2231264
-0.04216018
0.9569444
#282
28.2066
-0.1808165
-0.2231264
-0.04216018
0.9569444
#283
28.31733
-0.1808165
-0.2231264
-0.04216018
0.9569444
#284
28.40542
-0.1808165
-0.2231264
-0.04216018
0.9569444
#285
28.51408
-0.1808165
-0.2231264
-0.04216018
0.9569444
#286
28.61679
-0.1808165
-0.2231264
-0.04216018
0.9569444
#287
28.71279
-0.1808165
-0.2231264
-0.04216018
0.9569444
#288
28.81368
-0.1808165
-0.2231264
-0.04216018
0.9569444
#289
28.90971
-0.1808165
-0.2231264
-0.04216018
0.9569444
#290
29.01997
-0.1808165
-0.2231264
-0.04216018
0.9569444
#291
29.10296
-0.1808165
-0.2231264
-0.04216018
0.9569444
#292
29.21703
-0.1808165
-0.2231264
-0.04216018
0.9569444
#293
29.31435
-0.1808165
-0.2231264
-0.04216018
0.9569444
#294
29.41323
-0.1808165
-0.2231264
-0.04216018
0.9569444
#295
29.51093
-0.1808165
-0.2231264
-0.04216018
0.9569444
#296
29.61351
-0.1808165
-0.2231264
-0.04216018
0.9569444
#297
29.7023
-0.1808165
-0.2231264
-0.04216018
0.9569444
#298
29.80889
-0.1808165
-0.2231264
-0.04216018
0.9569444
#299
29.9069
-0.1808165
-0.2231264
-0.04216018
0.9569444
#300
30.01523
-0.1808165
-0.2231264
-0.04216018
0.9569444
#301
30.1081
-0.1808165
-0.2231264
-0.04216018
0.9569444
#302
30.21672
-0.1808165
-0.2231264
-0.04216018
0.9569444
#303
30.30958
-0.1808165
-0.2231264
-0.04216018
0.9569444
#304
30.40161
-0.1808165
-0.2231264
-0.04216018
0.9569444
#305
30.51457
-0.1808165
-0.2231264
-0.04216018
0.9569444
#306
30.61172
-0.1808165
-0.2231264
-0.04216018
0.9569444
#307
30.70693
-0.1808165
-0.2231264
-0.04216018
0.9569444
#308
30.80297
-0.1808165
-0.2231264
-0.04216018
0.9569444
#309
30.90802
-0.1808165
-0.2231264
-0.04216018
0.9569444
#310
31.01551
-0.1808165
-0.2231264
-0.04216018
0.9569444
#311
31.10524
-0.1808165
-0.2231264
-0.04216018
0.9569444
#312
31.20145
-0.1808165
-0.2231264
-0.04216018
0.9569444
#313
31.31484
-0.1808165
-0.2231264
-0.04216018
0.9569444
#314
31.40814
-0.1808165
-0.2231264
-0.04216018
0.9569444
#315
31.51792
-0.1808165
-0.2231264
-0.04216018
0.9569444
#316
31.61334
-0.1808165
-0.2231264
-0.04216018
0.9569444
#317
31.70345
-0.1808165
-0.2231264
-0.04216018
0.9569444
#318
31.82423
-0.1898279
0.0994142
0.01932416
0.9765801
#319
31.90073
-0.1858244
0.2229054
0.04332843
0.9559838
#320
32.01148
-0.1623373
0.4971736
0.09529067
0.8469857
#321
32.11206
-0.1480074
0.5824535
0.1088717
0.7918261
#322
32.21052
-0.136252
0.6057244
0.1062606
0.7766866
#323
32.31556
-0.1649389
0.5934803
0.1258775
0.7776446
#324
32.41077
-0.198633
0.5811151
0.1489348
0.7750281
#325
32.52643
-0.1466485
0.393225
0.06368856
0.9054348
#326
32.6039
-0.1035454
0.1020183
0.01067756
0.9893213
#327
32.70453
-0.08527483
-0.2058444
-0.01800905
0.9746959
#328
32.80364
-0.1009413
-0.4178312
-0.04677498
0.9016874
#329
32.91719
-0.1020236
-0.4510031
-0.05198343
0.8851469
#330
33.01846
-0.08741064
-0.2546078
-0.02311512
0.9628084
#331
33.10747
-0.08212984
-0.2033473
-0.01712023
0.9755058
#332
33.20059
-0.07960784
-0.1584996
-0.01282219
0.984061
#333
33.31751
-0.07966576
-0.1539895
-0.01245733
0.9847769
#334
33.41549
-0.0783926
-0.152716
-0.01215312
0.9850811
#335
33.50782
-0.07230956
-0.1159264
-0.008462248
0.9905861
#336
33.61378
-0.07231509
-0.1152783
-0.008414941
0.9906617
#337
33.70247
-0.07166668
-0.1152838
-0.00833949
0.9907088
#338
33.81469
-0.06918594
-0.1003765
-0.006997008
0.9925165
#339
33.90853
-0.06918594
-0.1003765
-0.006997008
0.9925165
#340
34.01905
-0.06983089
-0.1010212
-0.007108388
0.9924051
#341
34.11757
-0.07046618
-0.1029654
-0.007312921
0.9921588
#342
34.20879
-0.07046618
-0.1029654
-0.007312921
0.9921588
#343
34.30684
-0.07175503
-0.1042542
-0.007541623
0.9919302
#344
34.41227
-0.07824561
-0.1042026
-0.008223799
0.9914393
#345
34.5167
-0.07954334
-0.1041918
-0.008360193
0.991336
#346
34.60715
-0.07954334
-0.1041918
-0.008360193
0.991336
#347
34.71311
-0.07953232
-0.1054897
-0.008464339
0.9911987
#348
34.8068
-0.07952676
-0.1061386
-0.008516408
0.9911295
#349
34.90604
-0.07952676
-0.1061386
-0.008516408
0.9911295
#350
35.01161
-0.07952676
-0.1061386
-0.008516408
0.9911295
#351
35.10113
-0.07550955
-0.1204355
-0.009187719
0.9898026
#352
35.20586
-0.07007784
-0.1463605
-0.01039497
0.9866912
#353
35.31384
-0.06672709
-0.1580099
-0.01070277
0.9851223
#354
35.41774
-0.0624945
-0.1902062
-0.01213342
0.9796779
#355
35.51511
-0.06161979
-0.2507139
-0.01599326
0.9659657
#356
35.61758
-0.05850744
-0.3704264
-0.02338639
0.9267223
#357
35.70777
-0.05625272
-0.4495918
-0.0283844
0.8910091
#358
35.80563
-0.06497196
-0.5413625
-0.04201202
0.8372218
#359
35.91595
-0.06963108
-0.6972524
-0.06836621
0.7101526
#360
36.00077
-0.06080977
-0.7936473
-0.08044085
0.5999628
#361
36.10188
-0.05542332
-0.8084104
-0.07712913
0.5809062
#362
36.20802
-0.0475012
-0.8450832
-0.07616509
0.5270455
#363
36.31555
-0.09945533
-0.8528728
-0.1762334
0.481309
#364
36.41078
-0.1109821
-0.8656894
-0.2206615
0.4354002
#365
36.5221
-0.1072736
-0.8675355
-0.2132879
0.4363287
#366
36.61129
-0.1072736
-0.8675355
-0.2132879
0.4363287
#367
36.70631
-0.1162966
-0.8513566
-0.212859
0.4651431
#368
36.81646
-0.1231673
-0.8443207
-0.2199291
0.4728464
#369
36.90422
-0.1231673
-0.8443207
-0.2199291
0.4728464
#370
37.02277
-0.1236211
-0.8438668
-0.2204008
0.4733182
#371
37.11239
-0.1236211
-0.8438668
-0.2204008
0.4733182
#372
37.21128
-0.1371985
-0.8371708
-0.2446076
0.4695625
#373
37.31717
-0.1396552
-0.8358785
-0.2489877
0.4688376
#374
37.41417
-0.1396552
-0.8358785
-0.2489877
0.4688376
#375
37.51861
-0.1396552
-0.8358785
-0.2489877
0.4688376
#376
37.6133
-0.1396552
-0.8358785
-0.2489877
0.4688376
#377
37.70993
-0.1396552
-0.8358785
-0.2489877
0.4688376
#378
37.81938
-0.1396552
-0.8358785
-0.2489877
0.4688376
#379
37.90719
-0.1396552
-0.8358785
-0.2489877
0.4688376
#380
38.01522
-0.1396552
-0.8358785
-0.2489877
0.4688376
#381
38.11253
-0.1396552
-0.8358785
-0.2489877
0.4688376
#382
38.20272
-0.1396552
-0.8358785
-0.2489877
0.4688376
#383
38.31172
-0.1396552
-0.8358785
-0.2489877
0.4688376
#384
38.41099
-0.1396552
-0.8358785
-0.2489877
0.4688376
#385
38.50328
-0.1396552
-0.8358785
-0.2489877
0.4688376
#386
38.60313
-0.1396552
-0.8358785
-0.2489877
0.4688376
#387
38.70082
-0.1396552
-0.8358785
-0.2489877
0.4688376
#388
38.80122
-0.1396552
-0.8358785
-0.2489877
0.4688376
#389
38.91139
-0.1396552
-0.8358785
-0.2489877
0.4688376
#390
39.00404
-0.1396552
-0.8358785
-0.2489877
0.4688376
#391
39.11665
-0.1396552
-0.8358785
-0.2489877
0.4688376
#392
39.2178
-0.1396552
-0.8358785
-0.2489877
0.4688376
#393
39.31215
-0.1396552
-0.8358785
-0.2489877
0.4688376
#394
39.40407
-0.1396552
-0.8358785
-0.2489877
0.4688376
#395
39.50117
-0.1396552
-0.8358785
-0.2489877
0.4688376
#396
39.61275
-0.1396552
-0.8358785
-0.2489877
0.4688376
#397
39.70118
-0.1396552
-0.8358785
-0.2489877
0.4688376
#398
39.80156
-0.1396552
-0.8358785
-0.2489877
0.4688376
#399
39.91436
-0.1396552
-0.8358785
-0.2489877
0.4688376
#400
40.01361
-0.1396552
-0.8358785
-0.2489877
0.4688376
#401
40.10232
-0.1396552
-0.8358785
-0.2489877
0.4688376
#402
40.21267
-0.1396552
-0.8358785
-0.2489877
0.4688376
#403
40.30533
-0.1396552
-0.8358785
-0.2489877
0.4688376
#404
40.40064
-0.1396552
-0.8358785
-0.2489877
0.4688376
#405
40.51417
-0.1396552
-0.8358785
-0.2489877
0.4688376
#406
40.60803
-0.1396552
-0.8358785
-0.2489877
0.4688376
#407
40.71742
-0.1396552
-0.8358785
-0.2489877
0.4688376
#408
40.81271
-0.1396552
-0.8358785
-0.2489877
0.4688376
#409
40.91003
-0.1396552
-0.8358785
-0.2489877
0.4688376
#410
41.01078
-0.1396552
-0.8358785
-0.2489877
0.4688376
#411
41.10639
-0.1396552
-0.8358785
-0.2489877
0.4688376
#412
41.21778
-0.1396552
-0.8358785
-0.2489877
0.4688376
#413
41.31456
-0.1396552
-0.8358785
-0.2489877
0.4688376
#414
41.40688
-0.1396552
-0.8358785
-0.2489877
0.4688376
#415
41.50089
-0.1396552
-0.8358785
-0.2489877
0.4688376
#416
41.61548
-0.1396552
-0.8358785
-0.2489877
0.4688376
#417
41.70858
-0.1396552
-0.8358785
-0.2489877
0.4688376
#418
41.81712
-0.1396552
-0.8358785
-0.2489877
0.4688376
#419
41.9067
-0.1396552
-0.8358785
-0.2489877
0.4688376
#420
42.00216
-0.1396552
-0.8358785
-0.2489877
0.4688376
#421
42.11543
-0.1396552
-0.8358785
-0.2489877
0.4688376
#422
42.20773
-0.1396552
-0.8358785
-0.2489877
0.4688376
#423
42.31175
-0.1396552
-0.8358785
-0.2489877
0.4688376
#424
42.41743
-0.1396552
-0.8358785
-0.2489877
0.4688376
#425
42.50315
-0.1396552
-0.8358785
-0.2489877
0.4688376
#426
42.603
-0.1396552
-0.8358785
-0.2489877
0.4688376
#427
42.71329
-0.1396552
-0.8358785
-0.2489877
0.4688376
#428
42.80716
-0.1396552
-0.8358785
-0.2489877
0.4688376
#429
42.91669
-0.1396552
-0.8358785
-0.2489877
0.4688376
#430
43.0131
-0.1396552
-0.8358785
-0.2489877
0.4688376
#431
43.10184
-0.1396552
-0.8358785
-0.2489877
0.4688376
#432
43.20881
-0.1396552
-0.8358785
-0.2489877
0.4688376
#433
43.31752
-0.1396552
-0.8358785
-0.2489877
0.4688376
#434
43.41291
-0.1396552
-0.8358785
-0.2489877
0.4688376
#435
43.50512
-0.1396552
-0.8358785
-0.2489877
0.4688376
#436
43.61455
-0.1396552
-0.8358785
-0.2489877
0.4688376
#437
43.70909
-0.1396552
-0.8358785
-0.2489877
0.4688376
#438
43.80949
-0.1396552
-0.8358785
-0.2489877
0.4688376
#439
43.91622
-0.1396552
-0.8358785
-0.2489877
0.4688376
#440
44.01726
-0.1396552
-0.8358785
-0.2489877
0.4688376
#441
44.11077
-0.1396552
-0.8358785
-0.2489877
0.4688376
#442
44.20233
-0.1396552
-0.8358785
-0.2489877
0.4688376
#443
44.30677
-0.1396552
-0.8358785
-0.2489877
0.4688376
#444
44.41004
-0.1396552
-0.8358785
-0.2489877
0.4688376
#445
44.51769
-0.1396552
-0.8358785
-0.2489877
0.4688376
#446
44.61631
-0.1396552
-0.8358785
-0.2489877
0.4688376
#447
44.71288
-0.1396552
-0.8358785
-0.2489877
0.4688376
#448
44.8074
-0.1396552
-0.8358785
-0.2489877
0.4688376
#449
44.90263
-0.1396552
-0.8358785
-0.2489877
0.4688376
#450
45.01878
-0.1396552
-0.8358785
-0.2489877
0.4688376
#451
45.11033
-0.1396552
-0.8358785
-0.2489877
0.4688376
#452
45.20616
-0.1396552
-0.8358785
-0.2489877
0.4688376
#453
45.30178
-0.1396552
-0.8358785
-0.2489877
0.4688376
#454
45.41555
-0.1396552
-0.8358785
-0.2489877
0.4688376
#455
45.5088
-0.1396552
-0.8358785
-0.2489877
0.4688376
#456
45.6015
-0.1396552
-0.8358785
-0.2489877
0.4688376
#457
45.7135
-0.1396552
-0.8358785
-0.2489877
0.4688376
#458
45.80023
-0.1396552
-0.8358785
-0.2489877
0.4688376
#459
45.91378
-0.1396552
-0.8358785
-0.2489877
0.4688376
#460
46.01281
-0.1396552
-0.8358785
-0.2489877
0.4688376
#461
46.10132
-0.1396552
-0.8358785
-0.2489877
0.4688376
#462
46.21277
-0.1396552
-0.8358785
-0.2489877
0.4688376
#463
46.3015
-0.1396552
-0.8358785
-0.2489877
0.4688376
#464
46.40712
-0.1396552
-0.8358785
-0.2489877
0.4688376
#465
46.51405
-0.1396552
-0.8358785
-0.2489877
0.4688376
#466
46.60225
-0.1396552
-0.8358785
-0.2489877
0.4688376
#467
46.71719
-0.1396552
-0.8358785
-0.2489877
0.4688376
#468
46.81465
-0.1396552
-0.8358785
-0.2489877
0.4688376
#469
46.90712
-0.1396552
-0.8358785
-0.2489877
0.4688376
#470
47.00101
-0.1396552
-0.8358785
-0.2489877
0.4688376
#471
47.1138
-0.1396552
-0.8358785
-0.2489877
0.4688376
#472
47.21499
-0.1396552
-0.8358785
-0.2489877
0.4688376
#473
47.31483
-0.1396552
-0.8358785
-0.2489877
0.4688376
#474
47.41338
-0.1396552
-0.8358785
-0.2489877
0.4688376
#475
47.51285
-0.1396552
-0.8358785
-0.2489877
0.4688376
#476
47.60794
-0.1396552
-0.8358785
-0.2489877
0.4688376
#477
47.71752
-0.1396552
-0.8358785
-0.2489877
0.4688376
#478
47.81779
-0.1396552
-0.8358785
-0.2489877
0.4688376
#479
47.90321
-0.1396552
-0.8358785
-0.2489877
0.4688376
#480
48.0039
-0.1396552
-0.8358785
-0.2489877
0.4688376
#481
48.10169
-0.1396552
-0.8358785
-0.2489877
0.4688376
#482
48.21362
-0.1396552
-0.8358785
-0.2489877
0.4688376
#483
48.30176
-0.1396552
-0.8358785
-0.2489877
0.4688376
#484
48.42282
-0.1396552
-0.8358785
-0.2489877
0.4688376
#485
48.50914
-0.1396552
-0.8358785
-0.2489877
0.4688376
#486
48.6134
-0.1396552
-0.8358785
-0.2489877
0.4688376
#487
48.70805
-0.1396552
-0.8358785
-0.2489877
0.4688376
#488
48.8008
-0.1396552
-0.8358785
-0.2489877
0.4688376
#489
48.91253
-0.1396552
-0.8358785
-0.2489877
0.4688376
#490
49.00768
-0.1396552
-0.8358785
-0.2489877
0.4688376
#491
49.10218
-0.1396552
-0.8358785
-0.2489877
0.4688376
#492
49.21408
-0.1396552
-0.8358785
-0.2489877
0.4688376
#493
49.3085
-0.1396552
-0.8358785
-0.2489877
0.4688376
#494
49.41
-0.1396552
-0.8358785
-0.2489877
0.4688376
#495
49.50128
-0.1396552
-0.8358785
-0.2489877
0.4688376
#496
49.6074
-0.1396552
-0.8358785
-0.2489877
0.4688376
#497
49.70484
-0.1396552
-0.8358785
-0.2489877
0.4688376
#498
49.8107
-0.1396552
-0.8358785
-0.2489877
0.4688376
#499
49.90182
-0.1396552
-0.8358785
-0.2489877
0.4688376
#500
50.01557
-0.1396552
-0.8358785
-0.2489877
0.4688376
#501
50.10869
-0.1396552
-0.8358785
-0.2489877
0.4688376
#502
50.20017
-0.1396552
-0.8358785
-0.2489877
0.4688376
#503
50.30289
-0.1396552
-0.8358785
-0.2489877
0.4688376
#504
50.40334
-0.1396552
-0.8358785
-0.2489877
0.4688376
#505
50.51653
-0.1396552
-0.8358785
-0.2489877
0.4688376
#506
50.60828
-0.1396552
-0.8358785
-0.2489877
0.4688376
#507
50.70712
-0.1396552
-0.8358785
-0.2489877
0.4688376
#508
50.80974
-0.1396552
-0.8358785
-0.2489877
0.4688376
#509
50.90768
-0.1396552
-0.8358785
-0.2489877
0.4688376
#510
51.00153
-0.1396552
-0.8358785
-0.2489877
0.4688376
#511
51.1162
-0.1396552
-0.8358785
-0.2489877
0.4688376
#512
51.21506
-0.1396552
-0.8358785
-0.2489877
0.4688376
#513
51.31168
-0.1396552
-0.8358785
-0.2489877
0.4688376
#514
51.41429
-0.1396552
-0.8358785
-0.2489877
0.4688376
#515
51.51336
-0.1396552
-0.8358785
-0.2489877
0.4688376
#516
51.6077
-0.1396552
-0.8358785
-0.2489877
0.4688376
#517
51.70095
-0.1396552
-0.8358785
-0.2489877
0.4688376
#518
51.8126
-0.1396552
-0.8358785
-0.2489877
0.4688376
#519
51.90809
-0.1396552
-0.8358785
-0.2489877
0.4688376
#520
52.00113
-0.1396552
-0.8358785
-0.2489877
0.4688376
#521
52.11079
-0.1396552
-0.8358785
-0.2489877
0.4688376
#522
52.20814
-0.1396552
-0.8358785
-0.2489877
0.4688376
#523
52.3018
-0.1396552
-0.8358785
-0.2489877
0.4688376
#524
52.41237
-0.1396552
-0.8358785
-0.2489877
0.4688376
#525
52.50838
-0.1396552
-0.8358785
-0.2489877
0.4688376
#526
52.60114
-0.1396552
-0.8358785
-0.2489877
0.4688376
#527
52.71066
-0.1396552
-0.8358785
-0.2489877
0.4688376
#528
52.8028
-0.1396552
-0.8358785
-0.2489877
0.4688376
#529
52.91703
-0.1396552
-0.8358785
-0.2489877
0.4688376
#530
53.01405
-0.1396552
-0.8358785
-0.2489877
0.4688376
#531
53.10348
-0.1396552
-0.8358785
-0.2489877
0.4688376
#532
53.21016
-0.1396552
-0.8358785
-0.2489877
0.4688376
#533
53.30996
-0.1396552
-0.8358785
-0.2489877
0.4688376
#534
53.40261
-0.1396552
-0.8358785
-0.2489877
0.4688376
#535
53.51539
-0.1396552
-0.8358785
-0.2489877
0.4688376
#536
53.61611
-0.1396552
-0.8358785
-0.2489877
0.4688376
#537
53.71329
-0.1396552
-0.8358785
-0.2489877
0.4688376
#538
53.8078
-0.1396552
-0.8358785
-0.2489877
0.4688376
#539
53.90019
-0.1396552
-0.8358785
-0.2489877
0.4688376
#540
54.00708
-0.1396552
-0.8358785
-0.2489877
0.4688376
#541
54.11756
-0.1396552
-0.8358785
-0.2489877
0.4688376
#542
54.21703
-0.1396552
-0.8358785
-0.2489877
0.4688376
#543
54.32147
-0.1396552
-0.8358785
-0.2489877
0.4688376
#544
54.40446
-0.1396552
-0.8358785
-0.2489877
0.4688376
#545
54.51234
-0.1396552
-0.8358785
-0.2489877
0.4688376
#546
54.60764
-0.1396552
-0.8358785
-0.2489877
0.4688376
#547
54.71495
-0.1396552
-0.8358785
-0.2489877
0.4688376
#548
54.80793
-0.1396552
-0.8358785
-0.2489877
0.4688376
#549
54.91545
-0.1396552
-0.8358785
-0.2489877
0.4688376
#550
55.00708
-0.1396552
-0.8358785
-0.2489877
0.4688376
#551
55.10207
-0.1396552
-0.8358785
-0.2489877
0.4688376
#552
55.21127
-0.1396552
-0.8358785
-0.2489877
0.4688376
#553
55.31222
-0.1396552
-0.8358785
-0.2489877
0.4688376
#554
55.40791
-0.1396552
-0.8358785
-0.2489877
0.4688376
#555
55.50179
-0.1396552
-0.8358785
-0.2489877
0.4688376
#556
55.60751
-0.1396552
-0.8358785
-0.2489877
0.4688376
#557
55.71453
-0.1396552
-0.8358785
-0.2489877
0.4688376
#558
55.80788
-0.1396552
-0.8358785
-0.2489877
0.4688376
#559
55.91494
-0.1396552
-0.8358785
-0.2489877
0.4688376
#560
56.01425
-0.1396552
-0.8358785
-0.2489877
0.4688376
#561
56.10688
-0.1396552
-0.8358785
-0.2489877
0.4688376
#562
56.20089
-0.1396552
-0.8358785
-0.2489877
0.4688376
#563
56.31516
-0.1396552
-0.8358785
-0.2489877
0.4688376
#564
56.42539
-0.1396552
-0.8358785
-0.2489877
0.4688376
#565
56.50626
-0.1396552
-0.8358785
-0.2489877
0.4688376
#566
56.6096
-0.1396552
-0.8358785
-0.2489877
0.4688376
#567
56.70573
-0.1396552
-0.8358785
-0.2489877
0.4688376
#568
56.82301
-0.1396552
-0.8358785
-0.2489877
0.4688376
#569
56.90224
-0.1396552
-0.8358785
-0.2489877
0.4688376
#570
57.01814
-0.1396552
-0.8358785
-0.2489877
0.4688376
#571
57.10847
-0.1396552
-0.8358785
-0.2489877
0.4688376
#572
57.20818
-0.1396552
-0.8358785
-0.2489877
0.4688376
#573
57.30261
-0.1396552
-0.8358785
-0.2489877
0.4688376
#574
57.41024
-0.1396552
-0.8358785
-0.2489877
0.4688376
#575
57.50183
-0.1396552
-0.8358785
-0.2489877
0.4688376
#576
57.60096
-0.1396552
-0.8358785
-0.2489877
0.4688376
#577
57.70638
-0.1396552
-0.8358785
-0.2489877
0.4688376
#578
57.81641
-0.1396552
-0.8358785
-0.2489877
0.4688376
#579
57.91073
-0.1396552
-0.8358785
-0.2489877
0.4688376
#580
58.01138
-0.1396552
-0.8358785
-0.2489877
0.4688376
#581
58.11258
-0.01592625
-0.9584937
-0.2793755
0.05464049
#582
58.21777
0.007101225
-0.9656738
-0.2583
-0.02654846
#583
58.31133
0.01061177
-0.9674898
-0.2493094
-0.04118087
#584
58.41403
0.01511653
-0.9654976
-0.2535187
-0.05756959
#585
58.51491
0.03975454
-0.9333232
-0.3397019
-0.1092247
#586
58.6069
0.0606765
-0.9249528
-0.3359699
-0.1670474
#587
58.70476
0.1123721
-0.8781378
-0.2528389
-0.3902808
#588
58.81103
0.114969
-0.828833
-0.1848865
-0.5153978
#589
58.92052
0.1279148
-0.747867
-0.1509662
-0.6336734
#590
59.0023
0.134577
-0.6866985
-0.1316159
-0.7021478
#591
59.1128
0.1276118
-0.6359043
-0.1076979
-0.7534867
#592
59.21111
0.09822585
-0.7859491
-0.1294085
-0.5965646
#593
59.314
0.04612809
-0.913678
-0.1083431
-0.3890072
#594
59.40136
0.03088248
-0.9440739
-0.09256726
-0.3149638
#595
59.51524
0.02490148
-0.9557993
-0.08488248
-0.2803973
#596
59.60976
0.02327151
-0.9555966
-0.07856435
-0.2830568
#597
59.7016
0.0214292
-0.946226
-0.06409246
-0.316369
#598
59.82766
0.0195361
-0.9433336
-0.05645743
-0.3264241
#599
59.90591
0.0191088
-0.9434067
-0.05522256
-0.3264494
#600
60.01746
0.01864232
-0.94244
-0.05330937
-0.3295718
#601
60.11566
0.01899083
-0.9402627
-0.05318622
-0.335733
#602
60.20495
0.02160353
-0.938752
-0.0598838
-0.3386619
#603
60.31314
0.02357447
-0.9362319
-0.06403112
-0.3446944
#604
60.41676
0.02396921
-0.9352842
-0.06458134
-0.3471285
#605
60.51734
0.0241964
-0.9352418
-0.06519346
-0.3471128
#606
60.61402
0.02469425
-0.934928
-0.06640146
-0.3476934
#607
60.70881
0.02575324
-0.9304885
-0.06669826
-0.3592761
#608
60.8192
0.0356515
-0.8506542
-0.05817825
-0.5212789
#609
60.91562
0.05395105
-0.5297695
-0.03379445
-0.8457491
#610
61.01725
0.05748279
-0.3867631
-0.02416366
-0.9200686
#611
61.11497
0.05493655
-0.3922383
-0.02347501
-0.9179216
#612
61.21836
0.048228
-0.4655022
-0.02541442
-0.8833663
#613
61.30151
0.0539731
-0.4479166
-0.02710151
-0.8920332
#614
61.41106
0.1170514
-0.108327
-0.01284531
-0.9871166
#615
61.50651
0.1382739
0.05959468
0.008335716
-0.9885643
#616
61.61313
0.1350104
0.1151549
0.01579985
-0.9840031
#617
61.71018
0.1335732
0.1241894
0.01687384
-0.9830821
#618
61.80878
0.1855543
0.1199302
0.02282368
-0.9750208
#619
61.91483
0.3076992
0.1117499
0.03641759
-0.9441964
#620
62.00153
0.3309548
0.1138726
0.04026848
-0.9358849
#621
62.12304
0.3337426
0.1198551
0.04282586
-0.9340325
#622
62.20185
0.336781
0.1324939
0.04792942
-0.9309816
#623
62.30272
0.3353719
0.1362125
0.04907308
-0.930894
#624
62.41035
0.3347626
0.1362446
0.04898392
-0.9311134
#625
62.50419
0.3347626
0.1362446
0.04898392
-0.9311134
