#0
0
0
0
0
1
#1
0.3733333
0.02290542
0.001308653
-2.998315E-05
0.9997368
#2
0.4477163
0.05557957
-0.02940262
0.001637427
0.9980199
#3
0.4847697
0.05557957
-0.02940262
0.001637427
0.9980199
#4
0.5017529
0.05557957
-0.02940262
0.001637427
0.9980199
#5
0.5293741
0.05557957
-0.02940262
0.001637427
0.9980199
#6
0.615936
0.05754123
-0.02809306
0.001619836
0.9979465
#7
0.7124874
-0.05789201
-0.181277
-0.01069046
0.9816684
#8
0.806612
-0.2138077
-0.2974855
-0.06854323
0.9279497
#9
0.9014828
-0.2254569
-0.302611
-0.07390852
0.9231107
#10
1.004765
-0.2240186
-0.3129129
-0.07620763
0.9198334
#11
1.108936
-0.2240186
-0.3129129
-0.07620763
0.9198334
#12
1.212837
-0.2234165
-0.3129628
-0.07600281
0.9199799
#13
1.311705
-0.1862416
-0.5779766
-0.1375602
0.7825179
#14
1.408304
-0.162294
-0.6354216
-0.13898
0.742014
#15
1.501864
-0.1581937
-0.6496676
-0.1407599
0.7301324
#16
1.616673
-0.1524675
-0.6760818
-0.1460197
0.7059358
#17
1.708453
-0.1524675
-0.6760818
-0.1460197
0.7059358
#18
1.805349
-0.1554937
-0.6634081
-0.1437369
0.7176707
#19
1.911929
-0.1804548
-0.5883871
-0.1367866
0.7762256
#20
2.007586
-0.1812574
-0.5838045
-0.1357213
0.779678
#21
2.115275
-0.1813462
-0.5832941
-0.1356026
0.78006
#22
2.208121
-0.1819656
-0.5797142
-0.1347704
0.7827241
#23
2.308731
-0.1828561
-0.5967553
-0.1420296
0.7682932
#24
2.410483
-0.182949
-0.5962523
-0.1419099
0.7686836
#25
2.50103
-0.1831755
-0.5869204
-0.1384717
0.7763999
#26
2.602291
-0.1810196
-0.5907438
-0.1381498
0.7740597
#27
2.705826
-0.1453716
-0.6034396
-0.1130669
0.7758502
#28
2.809176
-0.1402906
-0.6041667
-0.109115
0.7767851
#29
2.91411
-0.1453051
-0.6004617
-0.1121022
0.7783092
#30
3.014374
-0.1729039
-0.5921581
-0.1319561
0.7759128
#31
3.112127
-0.1911955
-0.6104498
-0.1550345
0.7528344
#32
3.208744
-0.1833463
-0.6753902
-0.1790764
0.6914939
#33
3.310007
-0.1811312
-0.6822644
-0.1804213
0.6849489
#34
3.411273
-0.1636325
-0.6900321
-0.164707
0.6855304
#35
3.503634
-0.1622861
-0.690354
-0.1633518
0.6858503
#36
3.623688
-0.1644423
-0.6774219
-0.1593557
0.6990451
#37
3.711543
-0.1639847
-0.6775261
-0.1589123
0.6991526
#38
3.802654
-0.1613425
-0.7152793
-0.1756894
0.6568694
#39
3.915841
-0.1430415
-0.8111988
-0.2224896
0.5215304
#40
4.009
-0.130278
-0.8452085
-0.2395682
0.4596273
#41
4.107918
-0.1258392
-0.8539112
-0.2426388
0.4428619
#42
4.21557
-0.131923
-0.8445616
-0.2429719
0.4585595
#43
4.305344
-0.1075496
-0.8875707
-0.2635424
0.3622109
#44
4.406636
-0.04362053
-0.9467686
-0.283819
0.1455101
#45
4.501867
-0.01878063
-0.9558343
-0.2865367
0.06264875
#46
4.61402
-0.01108569
-0.9571711
-0.2869374
0.03697983
#47
4.7062
-0.0107101
-0.9572187
-0.2869517
0.03572694
#48
4.816411
-0.009395337
-0.9573723
-0.2869978
0.03134113
#49
4.910017
-0.004758094
-0.9700031
-0.2422985
0.01904826
#50
5.012597
-0.002781519
-0.9840742
-0.1770629
0.01545904
#51
5.100728
0.009889817
-0.9828676
-0.1755179
-0.05538115
#52
5.212716
0.02978004
-0.9702166
-0.1712936
-0.1686758
#53
5.301339
0.02978004
-0.9702166
-0.1712936
-0.1686758
#54
5.408622
0.06275374
-0.9153939
-0.1572934
-0.3652053
#55
5.520214
0.1403765
-0.5512939
-0.09472962
-0.816943
#56
5.611787
0.1387276
-0.5117149
-0.08414046
-0.843696
#57
5.701605
0.1387276
-0.5117149
-0.08414046
-0.843696
#58
5.807718
0.1399761
-0.5208443
-0.08704262
-0.8375867
#59
5.916273
0.1394609
-0.5257692
-0.08786567
-0.8345041
#60
6.011886
0.1388472
-0.5413941
-0.09120551
-0.8241939
#61
6.105122
0.1403294
-0.5649235
-0.09821398
-0.8071699
#62
6.21101
0.1417186
-0.5663131
-0.09960151
-0.8057821
#63
6.306323
0.1420438
-0.5636731
-0.0991372
-0.8076311
#64
6.404869
0.142561
-0.5594365
-0.09839208
-0.8105715
#65
6.503405
0.1418823
-0.5563765
-0.09710324
-0.8129487
#66
6.60891
0.1421993
-0.5537131
-0.0966384
-0.8147652
#67
6.708508
0.1425148
-0.5510438
-0.09617253
-0.8165728
#68
6.807711
0.1425777
-0.5505093
-0.09607925
-0.8169333
#69
6.909987
0.1443719
-0.5487149
-0.09687669
-0.8177307
#70
7.000786
0.1460414
-0.5479884
-0.09785831
-0.8178046
#71
7.110023
0.1492518
-0.5475999
-0.1000095
-0.8172248
#72
7.21427
0.1513908
-0.5473362
-0.1014428
-0.8168313
#73
7.312949
0.1547328
-0.5458645
-0.1033889
-0.8169459
#74
7.405788
0.1569396
-0.5450572
-0.1047149
-0.8168949
#75
7.509975
0.1580778
-0.5443851
-0.1053249
-0.8170453
#76
7.611402
0.1580778
-0.5443851
-0.1053249
-0.8170453
#77
7.701266
0.1607507
-0.5440375
-0.1071058
-0.8165236
#78
7.816763
0.1639559
-0.5436127
-0.1092414
-0.815886
#79
7.909313
0.1682256
-0.5430333
-0.1120862
-0.8150163
#80
8.004344
0.1721077
-0.5414476
-0.1143477
-0.8149466
#81
8.105601
0.1769051
-0.5407647
-0.1175352
-0.8139187
#82
8.217047
0.1827603
-0.5399045
-0.1214253
-0.812624
#83
8.309114
0.1848067
-0.5401161
-0.1229593
-0.8117894
#84
8.407388
0.1877472
-0.5412208
-0.1254483
-0.8099961
#85
8.512997
0.16335
-0.5556859
-0.1124246
-0.8073975
#86
8.608565
0.1217725
-0.612105
-0.09612682
-0.7754087
#87
8.717848
0.1080551
-0.6394525
-0.09143472
-0.755688
#88
8.811753
0.1067092
-0.642535
-0.09101738
-0.7533112
#89
8.917383
0.1146332
-0.6449217
-0.09868698
-0.7491303
#90
9.014123
0.1314216
-0.6415884
-0.1128408
-0.7472347
#91
9.10074
0.1244287
-0.6147613
-0.09901924
-0.7725162
#92
9.201118
0.1179859
-0.6060349
-0.09151905
-0.7812972
#93
9.309964
0.1124149
-0.6061663
-0.08708006
-0.7825231
#94
9.413321
0.07733256
-0.6640577
-0.06935602
-0.7404302
#95
9.515358
0.06021049
-0.6674123
-0.05428509
-0.7402626
#96
9.601591
0.05268183
-0.6217815
-0.04198011
-0.7802885
#97
9.707508
0.06100183
-0.5519051
-0.04052949
-0.8306847
#98
9.800971
0.09494073
-0.4606294
-0.04963378
-0.8811035
#99
9.908697
0.1194975
-0.4185375
-0.05565905
-0.8985815
#100
10.00877
0.156684
-0.3472779
-0.05897155
-0.9226975
#101
10.12247
0.1887736
-0.1926998
-0.03780624
-0.962186
#102
10.202
0.1900119
-0.1579463
-0.03098786
-0.9684979
#103
10.30487
0.1881499
-0.1567385
-0.03043143
-0.9690751
#104
10.40844
0.1879259
-0.1637113
-0.03178522
-0.9679216
#105
10.50553
0.192165
-0.1274145
-0.025171
-0.9727305
#106
10.60271
0.1933834
-0.1025329
-0.02032532
-0.9755393
#107
10.70533
0.1933834
-0.1025329
-0.02032532
-0.9755393
#108
10.81474
0.1953776
-0.09866232
-0.01975947
-0.9755527
#109
10.9093
0.1960418
-0.09737229
-0.01956741
-0.9755529
#110
11.01336
0.1960418
-0.09737229
-0.01956741
-0.9755529
#111
11.10538
0.1960418
-0.09737229
-0.01956741
-0.9755529
#112
11.21832
0.1960418
-0.09737229
-0.01956741
-0.9755529
#113
11.30555
0.1960418
-0.09737229
-0.01956741
-0.9755529
#114
11.40404
0.1960418
-0.09737229
-0.01956741
-0.9755529
#115
11.51313
0.1960418
-0.09737229
-0.01956741
-0.9755529
#116
11.60731
0.1960418
-0.09737229
-0.01956741
-0.9755529
#117
11.70119
0.1960418
-0.09737229
-0.01956741
-0.9755529
#118
11.81638
0.2213039
-0.01659325
-0.00376609
-0.9750565
#119
11.91257
0.2472753
0.123891
0.03189629
-0.9604627
#120
12.00764
0.2494125
0.1650832
0.04319335
-0.9532446
#121
12.11235
0.2329335
0.2591114
0.06454376
-0.9351135
#122
12.20523
0.2329335
0.2591114
0.06454376
-0.9351135
#123
12.30691
0.1956053
0.4946468
0.1153356
-0.8389046
#124
12.40805
0.09905823
0.8749674
0.2022034
-0.4286413
#125
12.52125
0.1020907
0.868416
0.2006894
-0.4417633
#126
12.61012
0.1020907
0.868416
0.2006894
-0.4417633
#127
12.7008
0.1025603
0.8688857
0.2025959
-0.4398567
#128
12.8175
0.1020426
0.8832911
0.2267908
-0.3974293
#129
12.91164
0.1202699
0.873834
0.2744714
-0.382903
#130
13.0007
0.1550439
0.8448222
0.3538302
-0.3701904
#131
13.1054
0.1617144
0.8371443
0.3925928
-0.3448314
#132
13.20035
0.1585779
0.8378599
0.4091044
-0.3247731
#133
13.31142
0.1389317
0.8437213
0.4474349
-0.2619815
#134
13.40814
0.122896
0.851865
0.4538989
-0.2306479
#135
13.5137
0.1140215
0.8580418
0.4514379
-0.2167191
#136
13.60519
0.1094274
0.8638514
0.443007
-0.2133805
#137
13.70524
0.103747
0.8692306
0.4371776
-0.2062778
#138
13.80355
0.100531
0.8722951
0.433723
-0.2021859
#139
13.91221
0.09973622
0.8739916
0.4302942
-0.2025791
#140
14.00647
0.09960361
0.8742731
0.429722
-0.2026444
#141
14.11281
0.09960361
0.8742731
0.429722
-0.2026444
#142
14.20788
0.09947095
0.8745541
0.4291497
-0.2027095
#143
14.30208
0.09947095
0.8745541
0.4291497
-0.2027095
#144
14.4191
0.09947095
0.8745541
0.4291497
-0.2027095
#145
14.51126
0.09947095
0.8745541
0.4291497
-0.2027095
#146
14.60417
0.09973622
0.8739916
0.4302942
-0.2025791
#147
14.7169
0.1002662
0.8728621
0.4325808
-0.2023173
#148
14.81188
0.1012319
0.8717456
0.4341617
-0.2032617
#149
14.90792
0.1016308
0.8708915
0.4358725
-0.2030625
#150
15.00749
0.1020293
0.870034
0.4375817
-0.2028626
#151
15.11206
0.1024489
0.8696144
0.438084
-0.2033652
#152
15.2201
0.1031357
0.8686194
0.4397233
-0.2037319
#153
15.31435
0.1035573
0.868198
0.4402241
-0.2042328
#154
15.40494
0.1042474
0.8671981
0.4418598
-0.2045969
#155
15.50525
0.1054986
0.8654793
0.4445576
-0.2053881
#156
15.61058
0.1063043
0.8637268
0.4479529
-0.2049722
#157
15.71704
0.1070007
0.8627114
0.449578
-0.2053275
#158
15.81436
0.1074037
0.8618271
0.4512711
-0.205117
#159
15.91215
0.1075379
0.8615315
0.4518351
-0.2050467
#160
16.00579
0.1081294
0.8612623
0.4516939
-0.2061746
#161
16.10559
0.130442
0.848112
0.4511869
-0.2451965
#162
16.21705
0.1505973
0.8365739
0.4436448
-0.2839788
#163
16.30481
0.1553961
0.8389881
0.4178475
-0.3120168
#164
16.40446
0.1515349
0.8446217
0.4042223
-0.3166318
#165
16.5063
0.1427832
0.8558804
0.376374
-0.3246912
#166
16.6179
0.13629
0.8630142
0.3621137
-0.3248157
#167
16.71231
0.1247843
0.8735949
0.3598474
-0.3029367
#168
16.80462
0.1050375
0.889137
0.364209
-0.2564261
#169
16.90541
0.09697659
0.8942966
0.3676902
-0.2358666
#170
17.00441
0.09650308
0.8934281
0.3728138
-0.2312644
#171
17.1004
0.09632747
0.8924614
0.3772205
-0.2279
#172
17.20062
0.09574242
0.8906867
0.3854351
-0.2212473
#173
17.31389
0.09539488
0.8891464
0.3916975
-0.2165447
#174
17.40911
0.09471034
0.8880639
0.3967857
-0.2119754
#175
17.50983
0.09463064
0.8867875
0.4010994
-0.2092181
#176
17.60064
0.09505029
0.8856068
0.4040616
-0.2083276
#177
17.70922
0.09492167
0.8854783
0.4047033
-0.2076856
#178
17.80101
0.09505759
0.8852132
0.4052828
-0.2076235
#179
17.90385
0.09466566
0.8848214
0.4072069
-0.2056994
#180
18.00073
0.09466278
0.8832113
0.4120835
-0.2028891
#181
18.10162
0.09490516
0.8814374
0.4168895
-0.2006598
#182
18.21333
0.09503648
0.8811643
0.4174663
-0.2005976
#183
18.30601
0.09556132
0.8800684
0.4197718
-0.2003481
#184
18.40144
0.09608551
0.8789664
0.4220744
-0.2000973
#185
18.50074
0.0974112
0.8766136
0.4266071
-0.2001654
#186
18.61649
0.09821569
0.8753626
0.4288364
-0.2004828
#187
18.71347
0.09939492
0.8728213
0.4339853
-0.1999008
#188
18.80689
0.1000486
0.8713965
0.4368393
-0.1995745
#189
18.90518
0.1014828
0.8682289
0.4431015
-0.198849
#190
19.01037
0.1000486
0.8713965
0.4368393
-0.1995745
#191
19.10115
0.09978639
0.8863182
0.3918379
-0.2257119
#192
19.20996
0.09755892
0.8948802
0.3631465
-0.2404086
#193
19.30761
0.09307878
0.8986201
0.3605607
-0.2319789
#194
19.41232
0.07381421
0.9070981
0.373648
-0.1791973
#195
19.51323
0.06621537
0.9038154
0.3946331
-0.1516509
#196
19.61707
0.06638002
0.900387
0.4037066
-0.1480474
#197
19.70559
0.06740089
0.8955846
0.415005
-0.1454518
#198
19.80122
0.06712917
0.8956797
0.415049
-0.1448654
#199
19.92105
0.04851769
0.8984114
0.4241983
-0.1027558
#200
20.0011
0.04851769
0.8984114
0.4241983
-0.1027558
#201
20.1137
0.04851769
0.8984114
0.4241983
-0.1027558
#202
20.21646
0.04179849
0.9231027
0.3675812
-0.1049681
#203
20.30641
0.03579322
0.9383794
0.3281569
-0.1023523
#204
20.41394
0.03434484
0.9405614
0.3227147
-0.100099
#205
20.50923
0.03120176
0.9434123
0.3168068
-0.09291508
#206
20.61411
0.02941931
0.9487275
0.300727
-0.09281144
#207
20.71909
0.03246455
0.9598129
0.249119
-0.1250804
#208
20.80606
0.0315632
0.9615815
0.2422024
-0.1253108
#209
20.9136
0.03099655
0.9624508
0.2390747
-0.1247838
#210
21.00514
0.03037047
0.9627742
0.239155
-0.1222634
#211
21.11349
0.02849112
0.9637048
0.2393862
-0.1146976
#212
21.20596
0.02762337
0.9639909
0.2401272
-0.110894
#213
21.30651
0.02746615
0.9640633
0.2401453
-0.1102629
#214
21.4012
0.02730904
0.9641352
0.2401632
-0.1096321
#215
21.50071
0.0271518
0.9642068
0.240181
-0.1090009
#216
21.61312
0.02772215
0.9629359
0.2452262
-0.1088572
#217
21.71135
0.02812789
0.9617097
0.2502833
-0.108081
#218
21.81624
0.02819202
0.9605962
0.2553712
-0.1060462
#219
21.91464
0.02823175
0.9601621
0.2572754
-0.1053621
#220
22.01365
0.0283007
0.9599935
0.2579037
-0.1053436
#221
22.11177
0.02854285
0.959042
0.2616904
-0.1046037
#222
22.2009
0.0288166
0.9583536
0.2642002
-0.1045287
#223
22.31079
0.02922686
0.9573087
0.2679617
-0.1044147
#224
22.41392
0.02408255
0.961138
0.2602357
-0.08894495
#225
22.50101
-0.006060643
0.9799362
0.1969232
0.03015919
#226
22.60032
-0.01921125
0.9807715
0.1402401
0.1343541
#227
22.71548
-0.02846001
0.9671015
0.1253907
0.2195037
#228
22.80661
-0.02846001
0.9671015
0.1253907
0.2195037
#229
22.90146
-0.02846001
0.9671015
0.1253907
0.2195037
#230
23.01104
-0.02782617
0.968038
0.124868
0.2157222
#231
23.12153
-0.02823404
0.9664234
0.1214458
0.2246767
#232
23.21751
-0.03274404
0.9573711
0.1203082
0.2605657
#233
23.3132
-0.04414979
0.9279127
0.1166063
0.3513287
#234
23.40682
-0.05101024
0.8988243
0.1087703
0.4215234
#235
23.50997
-0.06097448
0.843851
0.09819723
0.5239799
#236
23.60559
-0.06135954
0.8196324
0.08940303
0.5625343
#237
23.72072
-0.06135954
0.8196324
0.08940303
0.5625343
#238
23.81299
-0.06000683
0.8280072
0.09031653
0.5501329
#239
23.90561
-0.06066709
0.828248
0.09144001
0.5495121
#240
24.0048
-0.06345071
0.8109554
0.08953089
0.5747256
#241
24.10605
-0.07995795
0.6761786
0.07420338
0.7286172
#242
24.20446
-0.0882934
0.5837476
0.06406006
0.804574
#243
24.30465
-0.09567019
0.4251503
0.04524814
0.8989145
#244
24.40697
-0.09857682
0.4366944
0.04821182
0.8928921
#245
24.50607
-0.09944707
0.4523053
0.05083441
0.8848424
#246
24.61065
-0.1020668
0.4567617
0.05284945
0.8821326
#247
24.71308
-0.1037635
0.4572344
0.05381414
0.8816314
#248
24.80872
-0.104183
0.4502952
0.05299744
0.8851957
#249
24.90719
-0.09851364
0.4378624
0.04834075
0.8923199
#250
25.00673
-0.09854527
0.4372781
0.04827625
0.8926064
#251
25.10491
-0.09854527
0.4372781
0.04827625
0.8926064
#252
25.20455
-0.09835489
0.4407806
0.04866293
0.890882
#253
25.31294
-0.09871262
0.4448257
0.04940423
0.8887886
#254
25.40594
-0.1015206
0.4464053
0.05105908
0.8875859
#255
25.50576
-0.1067119
0.4466775
0.05375761
0.8866803
#256
25.60427
-0.1124386
0.4474753
0.05682715
0.8853779
#257
25.71075
-0.114139
0.4479423
0.0577804
0.8848624
#258
25.81274
-0.115259
0.4484454
0.05844217
0.8844188
#259
25.90171
-0.1157993
0.4489859
0.05881149
0.8840494
#260
26.00817
-0.1179953
0.4505649
0.06021854
0.8828602
#261
26.1051
-0.1214614
0.450325
0.06198744
0.8823901
#262
26.21015
-0.1243483
0.4501197
0.06346078
0.8819878
#263
26.30614
-0.1335775
0.4494305
0.06817086
0.8806373
#264
26.40237
-0.1358826
0.4492504
0.06934723
0.8802846
#265
26.514
-0.1377026
0.4479612
0.07004903
0.8806032
#266
26.61282
-0.1377026
0.4479612
0.07004903
0.8806032
#267
26.7129
-0.1377026
0.4479612
0.07004903
0.8806032
#268
26.81157
-0.1413472
0.4453764
0.0714377
0.881225
#269
26.91228
-0.1448545
0.4445162
0.07309139
0.8809542
#270
27.01526
-0.1511931
0.4439785
0.07628975
0.8798885
#271
27.11598
-0.158674
0.4433133
0.08006454
0.8785702
#272
27.21258
-0.163272
0.442888
0.0823846
0.8777273
#273
27.30863
-0.1660887
0.4431898
0.0839422
0.8768986
#274
27.40961
-0.1666625
0.4431348
0.08423224
0.8767897
#275
27.50923
-0.1778991
0.4272191
0.08614277
0.8822784
#276
27.60907
-0.2692409
0.1777354
0.05062938
0.9451752
#277
27.70531
-0.2712616
0.1745433
0.05009082
0.945221
#278
27.80697
-0.2712616
0.1745433
0.05009082
0.945221
#279
27.9028
-0.2711958
0.1757808
0.05044597
0.9449916
#280
28.01292
-0.2708598
0.181962
0.05221987
0.9438209
#281
28.10069
-0.2614233
0.1607973
0.0442156
0.9507087
#282
28.20788
-0.2460937
0.1396086
0.0358455
0.9584689
#283
28.30124
-0.2442576
0.1384229
0.03525151
0.9591323
#284
28.40107
-0.192424
0.1956928
0.03919222
0.9608025
#285
28.51651
-0.1534978
0.2097514
0.03336224
0.9650543
#286
28.61081
-0.1404546
0.2025879
0.02937398
0.9686939
#287
28.71812
-0.1244817
0.1820415
0.02323944
0.9751027
#288
28.80462
-0.1144145
0.1752411
0.0205087
0.9776397
#289
28.90636
-0.1076274
0.1619201
0.01776899
0.9807561
#290
29.00601
-0.1072602
0.1458627
0.01591026
0.9833444
#291
29.10876
-0.1114875
0.1219558
0.01378739
0.9861578
#292
29.21161
-0.1160689
0.117374
0.01381431
0.9861848
#293
29.30681
-0.1193232
0.1153922
0.01396406
0.9860283
#294
29.40684
-0.1238394
0.115327
0.01449258
0.9854712
#295
29.50032
-0.1289677
0.1171831
0.0153495
0.9845811
#296
29.6103
-0.1385947
0.1189577
0.01677143
0.9830357
#297
29.71124
-0.1437285
0.1195114
0.01748816
0.9822186
#298
29.82603
-0.1469421
0.1194535
0.01787917
0.981743
#299
29.92175
-0.1514384
0.1193703
0.01842625
0.9810595
#300
30.01181
-0.1540063
0.1193217
0.0187387
0.9806596
#301
30.10502
-0.1534127
0.1167661
0.01825906
0.9810693
#302
30.20135
-0.1124995
0.09220835
0.0104855
0.9893086
#303
30.31246
0.003267802
-0.04972352
0.0001626888
0.9987577
#304
30.40849
0.003919832
-0.057566
0.0002260256
0.998334
#305
30.50101
0.003919832
-0.057566
0.0002260256
0.998334
#306
30.61182
0.003267802
-0.04972352
0.0001626888
0.9987577
#307
30.71435
-0.009301036
-0.3201861
-0.003143725
0.9473038
#308
30.80771
-0.005746216
-0.4788743
-0.003134575
0.8778591
#309
30.90031
-0.005171658
-0.4788762
-0.002821152
0.8778627
#310
31.00938
-0.005171658
-0.4788762
-0.002821152
0.8778627
#311
31.11312
-0.004777293
-0.5851256
-0.003447087
0.8109213
#312
31.21179
-0.004493224
-0.7271596
-0.00475978
0.6864374
#313
31.3085
-0.004921897
-0.7298461
-0.005255071
0.6835736
#314
31.40042
-0.004921897
-0.7298461
-0.005255071
0.6835736
#315
31.51808
-0.004138272
-0.711708
-0.004192808
0.7024508
#316
31.60131
-0.01928909
-0.9349515
-0.05145409
0.3504943
#317
31.70864
-0.0173496
-0.949752
-0.05351571
0.3079061
#318
31.81984
-0.01876008
-0.9494969
-0.05786641
0.3078234
#319
31.90979
-0.04365922
-0.9434074
-0.1380493
0.2983603
#320
32.01225
-0.04911454
-0.9454075
-0.1694676
0.273995
#321
32.11142
-0.05144184
-0.9468622
-0.1935025
0.2517193
#322
32.20708
-0.05400165
-0.9450082
-0.2047503
0.2492402
#323
32.3145
-0.05547439
-0.9431893
-0.2043562
0.2560375
#324
32.40637
-0.05682475
-0.9412021
-0.2019916
0.2647811
#325
32.5115
-0.05857728
-0.9386406
-0.200157
0.2746994
#326
32.60855
-0.06050396
-0.9368106
-0.2042584
0.2774954
#327
32.71212
-0.06277643
-0.9349522
-0.2109156
0.2782771
#328
32.81136
-0.06461392
-0.9332451
-0.2150283
0.280431
#329
32.91213
-0.06651306
-0.9315546
-0.2197817
0.2819186
#330
33.01986
-0.0670267
-0.9310814
-0.220957
0.2824409
