#0
0
0
0
0
1
#1
0.3733333
0
0
0
1
#2
0.3982167
0
0
0
1
#3
0.4148395
0
0
0
1
#4
0.4315194
0
0
0
1
#5
0.5005848
0
0
0
1
#6
0.602876
0
0
0
1
#7
0.7076746
0
0
0
1
#8
0.810492
0
0
0
1
#9
0.9134805
0
0
0
1
#10
1.016019
0
0
0
1
#11
1.101537
0
0
0
1
#12
1.20421
0
0
0
1
#13
1.306781
0
0
0
1
#14
1.409519
0
0
0
1
#15
1.512385
0
0
0
1
#16
1.615428
0
0
0
1
#17
1.70002
0
0
0
1
#18
1.802756
0
0
0
1
#19
1.903949
0
0
0
1
#20
2.004195
0
0
0
1
#21
2.105641
0
0
0
1
#22
2.207652
0
0
0
1
#23
2.310425
0
0
0
1
#24
2.414525
0
0
0
1
#25
2.500729
0
0
0
1
#26
2.603669
0
0
0
1
#27
2.707919
0
0
0
1
#28
2.812454
0
0
0
1
#29
2.91424
0
0
0
1
#30
3.000044
0
0
0
1
#31
3.101988
0
0
0
1
#32
3.203506
0
0
0
1
#33
3.304289
0
0
0
1
#34
3.406344
0
0
0
1
#35
3.508348
0
0
0
1
#36
3.611197
0
0
0
1
#37
3.713629
0
0
0
1
#38
3.805503
0.003926981
0
0
0.9999923
#39
3.908481
-0.001963373
-0.01112622
-2.184632E-05
0.9999362
#40
4.0108
-0.001960013
-0.05952404
-0.0001168754
0.998225
#41
4.112644
-0.00193359
-0.1738627
-0.0003413791
0.984768
#42
4.21495
0.000532256
-0.5819455
0.0003808823
0.8132275
#43
4.301373
-0.001858849
-0.8230081
-0.002693298
0.5680203
#44
4.404467
0.0003550269
-0.8400934
0.0005498396
0.5424414
#45
4.507174
0.0003550269
-0.8400934
0.0005498396
0.5424414
#46
4.609753
-0.006738503
-0.8403835
-0.0104511
0.5418496
#47
4.712235
0.003756109
-0.9933134
-0.03381941
-0.1103211
#48
4.815391
0.01035444
-0.9501216
-0.0317263
-0.310089
#49
4.901396
0.01232294
-0.9258684
-0.03030979
-0.376427
#50
5.003095
0.05583224
-0.7675517
-0.06748956
-0.6349743
#51
5.104184
0.07083382
-0.6612632
-0.06294446
-0.7441449
#52
5.206499
0.07083382
-0.6612632
-0.06294446
-0.7441449
#53
5.309579
0.08167215
-0.7580662
-0.09677433
-0.6397657
#54
5.411747
0.07619707
-0.8069552
-0.106775
-0.5758615
#55
5.513662
0.07588846
-0.8124284
-0.1085815
-0.5678126
#56
5.615713
0.06781276
-0.7972291
-0.09118517
-0.5928848
#57
5.701079
0.06736318
-0.7900287
-0.08826688
-0.6029311
#58
5.852522
0.06736318
-0.7900287
-0.08826688
-0.6029311
#59
5.903536
0.06736318
-0.7900287
-0.08826688
-0.6029311
#60
6.005315
0.07841213
-0.4004711
-0.03442049
-0.9122992
#61
6.106472
0.05348187
0.2292783
0.01261795
-0.9718086
#62
6.210514
0.05219355
0.2305668
0.01238615
-0.9715768
#63
6.314968
0.05219355
0.2305668
0.01238615
-0.9715768
#64
6.401009
0.09610979
0.3136145
0.03192493
-0.9441344
#65
6.502594
0.07503702
0.7671804
0.09131098
-0.6304491
#66
6.605782
0.03779909
0.9338017
0.1037114
-0.3403374
#67
6.709364
0.007645359
0.9879166
0.05177454
-0.1458821
#68
6.812239
-0.005756028
0.9860271
0.03486361
0.1627944
#69
6.915115
-0.009279507
0.9642993
0.03409536
0.2624469
#70
7.000987
-0.02258454
0.9182961
0.05294864
0.391687
#71
7.103201
-0.0226192
0.9180394
0.05293384
0.3922881
#72
7.204671
-0.02192437
0.9230958
0.05322538
0.3802376
#73
7.305412
-0.04671354
0.8295929
0.0702097
0.5519639
#74
7.409854
-0.07087697
0.5933753
0.05256591
0.8000745
#75
7.511856
-0.08308148
0.3877378
0.03511633
0.9173461
#76
7.614484
-0.07735427
0.3619969
0.03015915
0.9284746
#77
7.700038
-0.07218456
0.4536583
0.03689896
0.8874807
#78
7.802416
-0.06756171
0.5186337
0.04115893
0.8513286
#79
7.903742
-0.06267019
0.5160772
0.03789835
0.8534053
#80
8.00682
-0.04888499
0.4941062
0.02784111
0.8675795
#81
8.113155
-0.04295187
0.4828903
0.02372289
0.8743051
#82
8.217448
-0.04295187
0.4828903
0.02372289
0.8743051
#83
8.302037
-0.0421301
0.3211204
0.0143012
0.9459928
#84
8.403799
-0.03756297
-0.3378541
-0.0134958
0.9403518
#85
8.506207
-0.03465933
-0.5408825
-0.02231509
0.8400875
#86
8.609622
-0.03569858
-0.5430501
-0.02311661
0.8386226
#87
8.711236
-0.03155677
-0.5326911
-0.01988203
0.8454875
#88
8.81455
-0.04562008
-0.8353744
-0.07014836
0.5432749
#89
8.916573
-0.01034082
-0.9836203
-0.05994542
0.1696784
#90
9.002217
-0.0007287218
-0.9987142
-0.04840849
0.01503424
#91
9.103076
0.005541
-0.9900823
-0.04084764
-0.1343051
#92
9.204866
0.01427075
-0.9259429
-0.03516655
-0.3757519
#93
9.305652
0.03522275
-0.7386177
-0.03870933
-0.6720899
#94
9.408113
0.04100236
-0.6079483
-0.03146225
-0.7922928
#95
9.51028
0.04106406
-0.6063914
-0.03138168
-0.793485
#96
9.611686
0.04106406
-0.6063914
-0.03138168
-0.793485
#97
9.714869
0.05439075
-0.5990308
-0.04083783
-0.7978321
#98
9.816791
0.07378578
-0.3389226
-0.02667379
-0.937537
#99
9.902326
0.08008385
-0.09055606
-0.007305854
-0.9926394
#100
10.00401
0.08032463
0.0476053
0.003840686
-0.9956239
#101
10.11053
0.07589131
0.3296483
0.02659526
-0.9406728
#102
10.21148
0.0709705
0.468719
0.03781517
-0.8796793
#103
10.31424
0.05961999
0.6689001
0.05396532
-0.7389898
#104
10.4165
0.02970031
0.9131594
0.06765916
-0.4008491
#105
10.50131
0.02532754
0.9259312
0.06312367
-0.3715176
#106
10.60261
0.02532754
0.9259312
0.06312367
-0.3715176
#107
10.70529
0.02532754
0.9259312
0.06312367
-0.3715176
#108
10.80877
0.01475012
0.9739411
0.06639667
-0.2163624
#109
10.91151
-0.01212914
0.9805495
0.06426863
0.1850549
#110
11.01353
-0.01758062
0.9589038
0.06095924
0.2765474
#111
11.11634
-0.01527054
0.9655147
0.05820775
0.2532985
#112
11.20133
-0.007038839
0.9879515
0.0472387
0.1472105
#113
11.30309
-0.00663665
0.9891682
0.04729688
0.1387991
#114
11.40423
-0.006265048
0.9902276
0.04734754
0.1310274
#115
11.50497
-0.004805822
0.9937892
0.04751783
0.1005091
#116
11.60951
-0.00484009
0.9938234
0.04817143
0.09985576
#117
11.71224
-0.00484009
0.9938234
0.04817143
0.09985576
#118
11.81541
-0.00484009
0.9938234
0.04817143
0.09985576
#119
11.90156
-0.00484009
0.9938234
0.04817143
0.09985576
#120
12.00257
-0.00484009
0.9938234
0.04817143
0.09985576
#121
12.10276
-0.00484009
0.9938234
0.04817143
0.09985576
#122
12.20418
-0.00484009
0.9938234
0.04817143
0.09985576
#123
12.30663
-0.00484009
0.9938234
0.04817143
0.09985576
#124
12.41012
-0.00484009
0.9938234
0.04817143
0.09985576
#125
12.51392
-0.00484009
0.9938234
0.04817143
0.09985576
#126
12.61613
-0.00484009
0.9938234
0.04817143
0.09985576
#127
12.70173
-0.00484009
0.9938234
0.04817143
0.09985576
#128
12.80366
-0.00484009
0.9938234
0.04817143
0.09985576
#129
12.90571
-0.00484009
0.9938234
0.04817143
0.09985576
#130
13.0091
-0.02164662
0.9760818
0.1155269
0.1828913
#131
13.11213
-0.0387186
0.9541168
0.1415299
0.2610196
#132
13.21509
-0.1076386
0.5985406
0.08159082
0.789624
#133
13.3009
-0.06191755
0.5442426
0.04032485
0.8356675
#134
13.40429
-0.06191755
0.5442426
0.04032485
0.8356675
#135
13.50572
-0.04464075
0.6303048
0.03634318
0.7742108
#136
13.60722
-0.06029491
0.2412412
0.01501912
0.9684739
#137
13.7102
-0.07150856
-0.1081532
-0.007799956
0.9915284
#138
13.8137
-0.07126076
-0.1360121
-0.00980913
0.9880923
#139
13.91601
-0.06409555
-0.006533814
-0.0004196604
0.9979223
#140
14.00143
-0.05528816
0.1845144
0.01039673
0.9812185
#141
14.1029
-0.05528135
0.1851563
0.0104329
0.9810975
#142
14.20473
-0.05532188
0.1813028
0.01021577
0.9818169
#143
14.30804
-0.07982768
0.1203942
0.009713129
0.9894637
#144
14.41007
-0.08445054
0.1112815
0.009491286
0.9901487
#145
14.51165
-0.08511102
0.1099788
0.009452682
0.9902381
#146
14.61419
-0.05164255
-0.03920819
-0.002029085
0.9978936
#147
14.71662
-0.03644236
-0.6194539
-0.02880641
0.7836575
#148
14.80199
-0.03121118
-0.666112
-0.0279184
0.7446752
#149
14.9053
-0.03121118
-0.666112
-0.0279184
0.7446752
#150
15.00675
-0.03619032
-0.5971915
-0.02698778
0.8008273
#151
15.1099
-0.04174412
-0.8937007
-0.08506983
0.4385427
#152
15.21257
-0.01473113
-0.9852381
-0.1166107
0.1244626
#153
15.31507
0.0009234122
-0.9930378
-0.1175338
-0.007801868
#154
15.41703
0.02960306
-0.9610554
-0.1137484
-0.2501149
#155
15.50208
0.0585083
-0.7693059
-0.0711971
-0.6321995
#156
15.60452
0.0576807
-0.7693984
-0.07019003
-0.6322756
#157
15.70634
0.0576807
-0.7693984
-0.07019003
-0.6322756
#158
15.80798
0.05733334
-0.7611904
-0.06793447
-0.6424072
#159
15.91294
0.0728217
-0.5796044
-0.05211074
-0.8099631
#160
16.01485
0.08530736
-0.3028078
-0.02722467
-0.9488356
#161
16.10026
0.08787113
-0.1917449
-0.01723929
-0.9773512
#162
16.20298
0.08953119
0.01825563
0.001641317
-0.9958153
#163
16.305
0.09756042
0.2669144
0.02717102
-0.9583843
#164
16.40604
0.09219129
0.4117751
0.04191737
-0.9056407
#165
16.5072
0.06752646
0.6127189
0.05266323
-0.7856477
#166
16.61035
0.06742298
0.6142597
0.05279566
-0.7844437
#167
16.71329
0.06742298
0.6142597
0.05279566
-0.7844437
#168
16.81507
0.04653852
0.7746121
0.05739373
-0.6281051
#169
16.90154
0.04326002
0.8872385
0.08504069
-0.4513363
#170
17.00403
0.03084754
0.9179607
0.07284966
-0.3887023
#171
17.106
0.01125482
0.9839303
0.06707767
-0.1650916
#172
17.20877
0.0006349514
0.9975526
0.06931832
-0.009137518
#173
17.31199
-0.01249911
0.9812442
0.06818508
0.1798733
#174
17.41505
-0.02297589
0.9525098
0.07433693
0.2943996
#175
17.50009
-0.02297589
0.9525098
0.07433693
0.2943996
#176
17.60174
-0.02124779
0.9596644
0.07552725
0.2699787
#177
17.70422
-0.02127497
0.9601427
0.07619724
0.2680808
