#0
0
0
0
0
1
#1
0.3733333
0.02224494
0.02355393
-0.000524231
0.9994749
#2
0.439205
0.02224494
0.02355393
-0.000524231
0.9994749
#3
0.4632751
0.02224494
0.02355393
-0.000524231
0.9994749
#4
0.4846988
0.02224494
0.02355393
-0.000524231
0.9994749
#5
0.5261993
0.02224494
0.02355393
-0.000524231
0.9994749
#6
0.6269957
0.02224494
0.02355393
-0.000524231
0.9994749
#7
0.7113079
0.02224494
0.02355393
-0.000524231
0.9994749
#8
0.8268118
0.02224494
0.02355393
-0.000524231
0.9994749
#9
0.9080116
0.02224494
0.02355393
-0.000524231
0.9994749
#10
1.038506
0.02224494
0.02355393
-0.000524231
0.9994749
#11
1.118992
0.02224494
0.02355393
-0.000524231
0.9994749
#12
1.208048
0.02224494
0.02355393
-0.000524231
0.9994749
#13
1.309721
0.02224494
0.02355393
-0.000524231
0.9994749
#14
1.410483
0.02224494
0.02355393
-0.000524231
0.9994749
#15
1.512528
0.02224494
0.02355393
-0.000524231
0.9994749
#16
1.620615
0.02224494
0.02355393
-0.000524231
0.9994749
#17
1.702844
0.02224494
0.02355393
-0.000524231
0.9994749
#18
1.83072
0.02224494
0.02355393
-0.000524231
0.9994749
#19
1.91356
0.02224494
0.02355393
-0.000524231
0.9994749
#20
2.009632
0.02224494
0.02355393
-0.000524231
0.9994749
#21
2.110581
0.02224494
0.02355393
-0.000524231
0.9994749
#22
2.205153
0.02224494
0.02355393
-0.000524231
0.9994749
#23
2.318794
0.02224494
0.02355393
-0.000524231
0.9994749
#24
2.407621
0.02224494
0.02355393
-0.000524231
0.9994749
#25
2.516578
0.02224494
0.02355393
-0.000524231
0.9994749
#26
2.630413
0.02224494
0.02355393
-0.000524231
0.9994749
#27
2.709224
0.02224494
0.02355393
-0.000524231
0.9994749
#28
2.812519
0.02224494
0.02355393
-0.000524231
0.9994749
#29
2.921638
0.02224494
0.02355393
-0.000524231
0.9994749
#30
3.017304
0.02224494
0.02355393
-0.000524231
0.9994749
#31
3.126382
0.02224494
0.02355393
-0.000524231
0.9994749
#32
3.210757
0.02224494
0.02355393
-0.000524231
0.9994749
#33
3.318286
0.02224494
0.02355393
-0.000524231
0.9994749
#34
3.40831
0.02224494
0.02355393
-0.000524231
0.9994749
#35
3.507673
0.02224494
0.02355393
-0.000524231
0.9994749
#36
3.622558
0.02224494
0.02355393
-0.000524231
0.9994749
#37
3.717305
0.02224494
0.02355393
-0.000524231
0.9994749
#38
3.801585
0.02224494
0.02355393
-0.000524231
0.9994749
#39
3.938254
0.02224494
0.02355393
-0.000524231
0.9994749
#40
4.013458
0.02224494
0.02355393
-0.000524231
0.9994749
#41
4.104213
0.02224494
0.02355393
-0.000524231
0.9994749
#42
4.2106
0.02224494
0.02355393
-0.000524231
0.9994749
#43
4.310131
0.02224494
0.02355393
-0.000524231
0.9994749
#44
4.410843
0.02224494
0.02355393
-0.000524231
0.9994749
#45
4.500856
0.02224494
0.02355393
-0.000524231
0.9994749
#46
4.612445
0.02224494
0.02355393
-0.000524231
0.9994749
#47
4.739081
0.02224494
0.02355393
-0.000524231
0.9994749
#48
4.812224
0.02224494
0.02355393
-0.000524231
0.9994749
#49
4.910366
0.02224494
0.02355393
-0.000524231
0.9994749
#50
5.003271
0.02224494
0.02355393
-0.000524231
0.9994749
#51
5.118326
0.02224494
0.02355393
-0.000524231
0.9994749
#52
5.215809
0.02224494
0.02355393
-0.000524231
0.9994749
#53
5.312902
0.02224494
0.02355393
-0.000524231
0.9994749
#54
5.408479
0.02224494
0.02355393
-0.000524231
0.9994749
#55
5.518787
0.02224494
0.02355393
-0.000524231
0.9994749
#56
5.60897
0.02224494
0.02355393
-0.000524231
0.9994749
#57
5.7177
0.02224494
0.02355393
-0.000524231
0.9994749
#58
5.806187
0.02224494
0.02355393
-0.000524231
0.9994749
#59
5.900992
0.02224494
0.02355393
-0.000524231
0.9994749
#60
6.014281
0.02224494
0.02355393
-0.000524231
0.9994749
#61
6.120095
0.02224494
0.02355393
-0.000524231
0.9994749
#62
6.214931
0.02224494
0.02355393
-0.000524231
0.9994749
#63
6.322929
0.02224494
0.02355393
-0.000524231
0.9994749
#64
6.402741
0.02224494
0.02355393
-0.000524231
0.9994749
#65
6.537092
0.03532222
-0.02746831
0.0009712146
0.998998
#66
6.606408
0.05069436
-0.1141381
0.005831917
0.9921535
#67
6.715611
0.0619668
-0.255131
0.0163868
0.9647797
#68
6.820419
0.06510109
-0.2563384
0.01730685
0.964237
#69
6.925984
0.07108969
-0.2397941
0.01760938
0.9680573
#70
7.042946
0.0696203
-0.3341246
0.02475645
0.9396281
#71
7.124
0.05935578
-0.5016445
0.03452856
0.8623442
#72
7.216197
0.05235324
-0.6084676
0.04028105
0.7908248
#73
7.301641
0.05117168
-0.6309862
0.0417718
0.7729767
#74
7.400288
0.05117168
-0.6309862
0.0417718
0.7729767
#75
7.51878
0.04951879
-0.6029104
0.03753576
0.7953855
#76
7.608529
0.04734862
-0.6367213
0.03922241
0.7686389
#77
7.704576
0.04835617
-0.6550386
0.04207244
0.7528719
#78
7.819153
0.04771738
-0.6662973
0.04279557
0.7429264
#79
7.916399
0.04334038
-0.6665378
0.03887004
0.7431946
#80
8.018407
0.04139457
-0.6666373
0.03712492
0.7433055
#81
8.123321
0.04941436
-0.7062963
0.04954389
0.7044496
#82
8.20744
0.04350337
-0.7901416
0.05646479
0.6087656
#83
8.31096
0.04559479
-0.8042979
0.06224037
0.5891962
#84
8.41103
0.04985029
-0.8161751
0.07122665
0.5712267
#85
8.530972
0.05031803
-0.8153799
0.07169501
0.5722618
#86
8.617869
0.04331851
-0.8678153
0.07687796
0.4889888
#87
8.706995
0.0332346
-0.9227506
0.08174457
0.3751594
#88
8.847297
0.02350755
-0.9601033
0.08505357
0.2653584
#89
8.91698
0.0169756
-0.9772692
0.08592966
0.1930618
#90
9.006794
0.01178849
-0.986841
0.084819
0.1371552
#91
9.110383
0.006383519
-0.9935546
0.08539603
0.07427014
#92
9.200433
0.006978622
-0.9928653
0.09254228
0.07487205
#93
9.300209
0.006978622
-0.9928653
0.09254228
0.07487205
#94
9.402203
0.007220869
-0.9926658
0.0925237
0.07747107
#95
9.527294
0.006501293
-0.9934626
0.08473312
0.07622511
#96
9.600875
0.006830563
-0.9931521
0.07947098
0.08536183
#97
9.703649
0.006575041
-0.9920201
0.05850247
0.1114923
#98
9.828807
0.004412151
-0.9927071
0.03835284
0.1142021
#99
9.922149
0.001998957
-0.9938656
0.01821556
0.1090658
#100
10.03574
0.001177496
-0.9943227
0.01106374
0.1058241
#101
10.1
0.000615721
-0.9945046
0.005858163
0.1045272
#102
10.20714
0.0002702457
-0.9946544
0.002603985
0.1032268
#103
10.31085
0.0001334174
-0.9947913
0.001302159
0.101925
#104
10.41469
-0.0002310214
-0.9960956
-0.002607799
0.08824278
#105
10.50704
-0.0003150922
-0.998174
-0.005226495
0.06017739
#106
10.60305
-0.0002397808
-0.998619
-0.004575215
0.05233626
#107
10.70307
-0.000192692
-0.9987877
-0.003922271
0.04906811
#108
10.83041
-0.000167017
-0.9990875
-0.003923448
0.04253009
#109
10.91137
-0.000159313
-0.9991691
-0.003923768
0.0405683
#110
11.0349
-0.0001588968
-0.9993879
-0.004578738
0.03468194
#111
11.10712
-0.0001588968
-0.9993879
-0.004578738
0.03468194
#112
11.20343
-0.0001588968
-0.9993879
-0.004578738
0.03468194
#113
11.33034
-0.0001588968
-0.9993879
-0.004578738
0.03468194
#114
11.41422
-0.0001588968
-0.9993879
-0.004578738
0.03468194
#115
11.51493
-0.0001588968
-0.9993879
-0.004578738
0.03468194
#116
11.60293
-0.0001588968
-0.9993879
-0.004578738
0.03468194
#117
11.73663
-0.0001588968
-0.9993879
-0.004578738
0.03468194
#118
11.8192
-0.0001588968
-0.9993879
-0.004578738
0.03468194
#119
11.90173
-0.0001588968
-0.9993879
-0.004578738
0.03468194
#120
12.00782
-0.0001588968
-0.9993879
-0.004578738
0.03468194
#121
12.10853
-0.0001588968
-0.9993879
-0.004578738
0.03468194
#122
12.20378
-0.0001588968
-0.9993879
-0.004578738
0.03468194
#123
12.31874
-0.0001588968
-0.9993879
-0.004578738
0.03468194
#124
12.40187
-0.0001588968
-0.9993879
-0.004578738
0.03468194
#125
12.51846
-0.0001588968
-0.9993879
-0.004578738
0.03468194
#126
12.63014
-0.0001588968
-0.9993879
-0.004578738
0.03468194
#127
12.70163
-0.0001588968
-0.9993879
-0.004578738
0.03468194
#128
12.80698
-0.0001588968
-0.9993879
-0.004578738
0.03468194
#129
12.91346
-0.0001588968
-0.9993879
-0.004578738
0.03468194
#130
13.0047
-0.0001588968
-0.9993879
-0.004578738
0.03468194
#131
13.11436
-0.0001588968
-0.9993879
-0.004578738
0.03468194
#132
13.21519
-0.0001588968
-0.9993879
-0.004578738
0.03468194
#133
13.31072
-0.0001588968
-0.9993879
-0.004578738
0.03468194
#134
13.42243
-0.0001588968
-0.9993879
-0.004578738
0.03468194
#135
13.50236
-0.0001588968
-0.9993879
-0.004578738
0.03468194
#136
13.61489
-0.0001588968
-0.9993879
-0.004578738
0.03468194
#137
13.73008
-0.0001588968
-0.9993879
-0.004578738
0.03468194
#138
13.82787
-0.0001588968
-0.9993879
-0.004578738
0.03468194
#139
13.923
-0.0001588968
-0.9993879
-0.004578738
0.03468194
#140
14.00752
-0.0001588968
-0.9993879
-0.004578738
0.03468194
#141
14.10597
-0.0001588968
-0.9993879
-0.004578738
0.03468194
#142
14.21865
-0.0001588968
-0.9993879
-0.004578738
0.03468194
