Visualisation Caméra#0.3733333%(0, 1, 30)
#0.4445016%(-0.8245635, 1.03927, 29.98864)
#0.4786329%(-0.8245635, 1.03927, 29.98864)
#0.495319%(-0.8245635, 1.03927, 29.98864)
#0.5144886%(-0.8245635, 1.03927, 29.98864)
#0.6046152%(-0.8245635, 1.03927, 29.98864)
#0.7061262%(-0.8245635, 1.03927, 29.98864)
#0.8033902%(-0.8245635, 1.03927, 29.98864)
#0.908583%(-0.8245635, 1.03927, 29.98864)
#1.018913%(-0.8245635, 1.03927, 29.98864)
#1.108049%(-0.8245635, 1.03927, 29.98864)
#1.223127%(-0.8245635, 1.03927, 29.98864)
#1.302486%(-0.8245635, 1.03927, 29.98864)
#1.404976%(-0.8245635, 1.03927, 29.98864)
#1.511775%(-0.8245635, 1.03927, 29.98864)
#1.615243%(-1.569643, 1.706793, 29.95057)
#1.705518%(-1.917175, 3.314622, 29.84907)
#1.808236%(-2.223123, 4.252994, 29.74014)
#1.915797%(-3.262731, 7.04516, 29.20292)
#2.009851%(-4.129099, 8.536743, 28.74279)
#2.104019%(-4.38166, 8.802497, 28.63428)
#2.210496%(-4.38166, 8.802497, 28.63428)
#2.315738%(-4.38166, 8.802497, 28.63428)
#2.409941%(-4.829181, 8.840408, 28.55183)
#2.515784%(13.61766, 11.236, 24.6938)
#2.602904%(20.32057, 11.82433, 19.23301)
#2.704401%(24.55354, 11.82433, 13.41483)
#2.805757%(26.93862, 11.82433, 7.559422)
#2.908381%(27.88677, 10.71752, -5.281863)
#3.011611%(25.67399, 10.7918, -12.04024)
#3.117211%(23.58747, 11.30979, -15.40583)
#3.207637%(24.04801, 10.90308, -14.954)
#3.32111%(23.8669, 10.49431, -15.49933)
#3.410796%(21.12348, 10.49431, -19.06979)
#3.507597%(17.00469, 10.60599, -22.77204)
#3.617968%(11.71556, 10.94014, -25.76702)
#3.708414%(10.43891, 10.79179, -26.3657)
#3.801089%(6.783733, 10.08357, -27.77534)
#3.905969%(7.136588, 9.746111, -27.79523)
#4.009945%(7.080492, 9.520459, -27.87954)
#4.116421%(3.508875, 7.850523, -28.99582)
#4.202456%(3.508875, 7.850523, -28.99582)
#4.314956%(3.508875, 7.850523, -28.99582)
#4.406605%(3.508875, 7.850523, -28.99582)
#4.510217%(3.508875, 7.850523, -28.99582)
#4.619045%(3.508875, 7.850523, -28.99582)
#4.707817%(3.508875, 7.850523, -28.99582)
#4.820915%(3.508875, 7.850523, -28.99582)
#4.905567%(3.508875, 7.850523, -28.99582)
#5.008109%(3.508875, 7.850523, -28.99582)
#5.114451%(3.508875, 7.850523, -28.99582)
#5.203708%(3.508875, 7.850523, -28.99582)
#5.301711%(3.508875, 7.850523, -28.99582)
#5.405855%(3.508875, 7.850523, -28.99582)
#5.51612%(3.508875, 7.850523, -28.99582)
#5.617742%(3.508875, 7.850523, -28.99582)
#5.703743%(3.508875, 7.850523, -28.99582)
#5.804139%(4.44879, 8.041538, -28.82057)
#5.90775%(14.08833, 10.75467, -24.62449)
#6.002267%(23.62134, 13.02246, -14.05321)
#6.104644%(26.15226, 13.2021, -8.195617)
#6.210997%(26.58435, 14.75948, 1.987228)
#6.306308%(23.10058, 16.034, 11.84661)
#6.408302%(12.45668, 16, 22.79981)
#6.51343%(12.45668, 16, 22.79981)
#6.612885%(12.35573, 15.93193, 22.8992)
#6.723897%(-2.718133, 17.00843, 25.22582)
#6.815833%(-13.27508, 17.20721, 21.47321)
#6.910945%(-17.17052, 16.54081, 19.06978)
#7.016824%(-23.08552, 15.21112, 12.84923)
#7.102376%(-26.06549, 12.11672, 9.849319)
#7.205415%(-26.81697, 11.93411, 7.829123)
#7.30907%(-26.81697, 11.93411, 7.829123)
#7.40213%(-27.64754, 11.42034, 5.199057)
#7.500192%(-27.732, 11.42034, 4.727854)
#7.611665%(-27.83294, 11.38351, 4.184491)
#7.704052%(-28.12639, 10.90307, 3.291648)
#7.802943%(-28.276, 10.8289, 1.964847)
#7.906456%(-28.31615, 10.75466, 1.744284)
#8.016933%(-28.36877, 10.68036, 1.226207)
#8.112872%(-28.39175, 10.68036, -0.446014)
#8.219446%(-28.34418, 10.8289, -1.676381E-06)
#8.302323%(-28.23971, 10.68036, -2.968119)
#8.416115%(-4.682532, 10.30784, -28.13251)
#8.507285%(6.140367, 8.688675, -28.34043)
#8.61602%(11.02896, 8.308445, -26.92487)
#8.70538%(11.02896, 8.308445, -26.92487)
#8.815809%(10.45228, 8.422648, -27.12295)
#8.905374%(16.86344, 8.46069, -23.66352)
#9.008275%(27.56395, 8.460691, -9.196035)
#9.116621%(28.62481, 8.46069, -4.995843)
#9.204787%(28.6882, 8.574741, -4.428363)
#9.305782%(28.64494, 8.650709, -4.575369)
#9.410447%(28.46558, 8.991915, 5.083316)
#9.503491%(22.35923, 9.180995, 18.25202)
#9.609299%(16.97031, 9.33201, 23.29348)
#9.715946%(10.12839, 9.5581, 26.91049)
#9.806616%(-3.418295, 9.520454, 28.56076)
#9.904335%(-7.261383, 10.00868, 27.6788)
#10.00206%(-7.261383, 10.00868, 27.6788)
#10.11117%(-5.848675, 9.25653, 28.24222)
#10.20205%(-15.722, 9.369728, 24.14055)
#10.30023%(-21.88186, 9.369727, 18.73851)
#10.40498%(-25.18696, 9.595728, 13.84667)
#10.51457%(-24.88567, 8.498718, 14.98242)
#10.60199%(-24.75567, 8.460687, 15.21495)
#10.70477%(-24.37636, 7.12206, 16.38029)
#10.81289%(-24.28407, 6.04177, 16.87793)
#10.90315%(-24.18236, 5.809347, 17.09045)
#11.01835%(-23.90912, 5.460165, 17.56305)
#11.10895%(-23.82151, 5.421328, 17.69146)
#11.20603%(-23.91381, 5.421328, 17.56649)
#11.30712%(-28.89546, 7.198925, -5.160008)
#11.41547%(-25.6451, 7.505959, -14.14219)
#11.51352%(-25.33591, 7.544289, -14.67187)
#11.61818%(-25.31348, 7.659211, -14.65888)
#11.70733%(-25.89239, 7.54429, -13.66589)
#11.80562%(-20.831, 7.237343, -20.66797)
#11.90464%(-13.41226, 7.697496, -25.98567)
#12.00819%(-7.263182, 8.46069, -28.13511)
#12.11485%(0.605286, 9.029757, -28.89908)
#12.20482%(0.605286, 9.029757, -28.89908)
#12.31353%(0.643359, 8.991914, -28.90874)
#12.41087%(3.135432, 8.991915, -28.74541)
#12.50283%(18.43167, 8.991915, -22.2801)
#12.61475%(20.92267, 8.991914, -19.95924)
#12.70306%(23.72264, 8.991915, -16.53377)
#12.80831%(29.1347, 8.041533, -1.259315)
#12.90094%(29.10711, 8.232246, 0.6859533)
#13.01579%(28.94819, 7.429268, -4.546105)
#13.11048%(27.99731, 6.582854, -9.218577)
#13.21802%(22.37794, 9.520454, 18.0729)
#13.30603%(18.1313, 11.05121, 21.68477)
#13.40819%(26.74031, 11.16213, 9.038084)
#13.50543%(16.78566, 11.0882, -22.72598)
#13.61638%(16.84512, 11.0882, -22.68194)
#13.70907%(18.84684, 10.86599, -21.15322)
#13.81576%(17.47058, 11.30979, -22.10175)
#13.90498%(16.44459, 12.91443, -22.08216)
#14.01572%(14.9742, 14.79436, -22.03381)
#14.1063%(13.72499, 16.16971, -21.94321)
#14.20164%(13.19017, 16.77528, -21.84399)
#14.30949%(13.16995, 16.47357, -22.07082)
#14.41033%(10.20888, 12.66165, -25.68628)
#14.50915%(8.615623, 11.78768, -26.63451)
#14.60559%(7.658271, 11.19907, -27.15382)
#14.70055%(7.497458, 8.802488, -27.98052)
#14.80486%(6.982014, 8.232244, -28.26563)
#14.90506%(6.982014, 8.232244, -28.26563)
