#0
0
0
0
0
1
#1
0.3733333
-0.006544825
0.005890326
3.855265E-05
0.9999613
#2
0.437172
-0.006544825
0.005890326
3.855265E-05
0.9999613
#3
0.4924005
-0.006544825
0.005890326
3.855265E-05
0.9999613
#4
0.5288481
-0.006544825
0.005890326
3.855265E-05
0.9999613
#5
0.5557862
-0.006544825
0.005890326
3.855265E-05
0.9999613
#6
0.6150448
-0.006544825
0.005890326
3.855265E-05
0.9999613
#7
0.7062164
-0.006544825
0.005890326
3.855265E-05
0.9999613
#8
0.8152562
-0.006544825
0.005890326
3.855265E-05
0.9999613
#9
0.9310673
-0.006544825
0.005890326
3.855265E-05
0.9999613
#10
1.024363
-0.006544825
0.005890326
3.855265E-05
0.9999613
#11
1.10862
-0.006544825
0.005890326
3.855265E-05
0.9999613
#12
1.201649
-0.006544825
0.005890326
3.855265E-05
0.9999613
#13
1.308563
-0.006544825
0.005890326
3.855265E-05
0.9999613
#14
1.415341
-0.006544825
0.005890326
3.855265E-05
0.9999613
#15
1.51987
-0.006544825
0.005890326
3.855265E-05
0.9999613
#16
1.610433
-0.006544825
0.005890326
3.855265E-05
0.9999613
#17
1.702269
0.001262149
-0.2651352
0.0003470615
0.9642104
#18
1.817593
0.001179259
-0.4340519
0.000568173
0.900887
#19
1.904441
-0.001725552
-0.4771578
-0.0009368984
0.8788155
#20
2.021043
-0.05805389
-0.6255384
-0.04675999
0.7766241
#21
2.107578
-0.06972688
-0.7295646
-0.0752323
0.6761758
#22
2.210556
-0.05839708
-0.8689502
-0.1057316
0.4799336
#23
2.305683
-0.05832788
-0.8692641
-0.1057698
0.4793648
#24
2.424081
-0.05759075
-0.868527
-0.10395
0.4811846
#25
2.507552
-0.04535909
-0.9061012
-0.1006348
0.4084066
#26
2.635785
0.007786713
-0.9922133
-0.08789814
-0.0878981
#27
2.718599
0.02439859
-0.9325417
-0.06418753
-0.3544723
#28
2.811197
0.06747609
-0.7380646
-0.07464452
-0.667185
#29
2.921914
0.1240185
-0.3714401
-0.05013817
-0.9187698
#30
3.021649
0.1307268
-0.3103873
-0.04313882
-0.9405898
#31
3.107474
0.130755
-0.3097714
-0.04305322
-0.9407929
#32
3.215505
0.1352312
-0.3425025
-0.0498894
-0.9283941
#33
3.302525
0.1344275
-0.3461785
-0.0501935
-0.9271302
#34
3.400391
0.1069487
-0.3638704
-0.04210125
-0.924331
#35
3.506105
0.05765325
-0.3722668
-0.02317644
-0.9260435
#36
3.608673
0.05014998
-0.382722
-0.02081123
-0.9222667
#37
3.709038
0.01364534
-0.4221742
-0.006355664
-0.9063898
#38
3.839867
0.01244745
-0.4239609
-0.005827483
-0.9055762
#39
3.914028
0.01726701
-0.4150147
-0.007878114
-0.9096168
#40
4.004893
0.1766333
0.3278952
0.06254935
-0.9259444
#41
4.119501
0.1434975
0.7646461
0.182517
-0.6011758
#42
4.205315
0.109669
0.8589144
0.2068018
-0.4554906
#43
4.314292
0.0785709
0.9158135
0.2205014
-0.3263303
#44
4.404008
0.0785709
0.9158135
0.2205014
-0.3263303
#45
4.514005
0.08710894
0.9045061
0.2234238
-0.3526507
#46
4.61702
0.02988163
0.9678468
0.2070467
-0.1396827
#47
4.713682
-0.009720125
0.9875945
0.141215
0.06797819
#48
4.809047
-0.01793893
0.9816273
0.11879
0.1482394
#49
4.910456
-0.04047105
0.9329579
0.1110421
0.3400314
#50
5.015502
-0.08072354
0.8424022
0.1317284
0.5162266
#51
5.121088
-0.08248483
0.8428898
0.1351977
0.5142516
#52
5.215865
-0.07729461
0.8532022
0.1322733
0.4985734
#53
5.319921
-0.06359155
0.7921104
0.08377837
0.6012474
#54
5.401162
-0.008432036
0.6523869
0.007259062
0.7578045
#55
5.506343
0.009788357
0.4754006
-0.005289752
0.8796992
#56
5.604671
0.009807841
0.3503902
-0.003669413
0.9365453
#57
5.710833
-0.003663382
0.3601956
0.001414491
0.9328686
#58
5.804031
-0.00958311
0.4031218
0.004221635
0.9150864
#59
5.906559
-0.01780864
0.4209528
0.008266449
0.9068701
#60
6.007798
-0.01592699
0.228955
0.003746601
0.9732995
#61
6.110827
-0.01609164
0.180922
0.002960593
0.9833614
#62
6.203638
-0.01617347
0.1512389
0.002474861
0.9883618
#63
6.305057
-0.002613841
0.05625435
0.0001472736
0.9984131
#64
6.403544
0.005890445
-0.001966616
1.158447E-05
0.9999807
#65
6.511759
0.008505317
-0.02683333
0.0002283165
0.9996037
#66
6.604484
0.008505317
-0.02683333
0.0002283165
0.9996037
#67
6.703537
0.008505317
-0.02683333
0.0002283165
0.9996037
#68
6.815246
0.006543506
-0.02094517
0.0001370879
0.9997592
#69
6.904926
0.00849701
-0.05168349
0.0004397588
0.9986273
#70
7.008441
0.01123002
-0.3021437
0.003559712
0.9531896
#71
7.107809
0.0110472
-0.3473232
0.004091996
0.9376715
#72
7.204769
0.0211776
-0.4380558
0.01032336
0.898639
#73
7.305941
0.03011639
-0.5227316
0.01848256
0.8517647
#74
7.404863
0.03811786
-0.6018255
0.02877616
0.7971982
#75
7.504284
0.04236029
-0.6848148
0.03993589
0.726388
#76
7.612578
0.04032223
-0.7200847
0.0419927
0.6914397
#77
7.709691
0.04015701
-0.7227945
0.04215073
0.6886064
#78
7.804151
0.03826629
-0.7165876
0.03943621
0.6953292
#79
7.919101
0.007959138
-0.4954399
0.004539836
0.8685939
#80
8.013921
-0.02551807
0.0189711
0.0004843507
0.9994943
#81
8.111137
-0.02542457
0.08755928
0.002235474
0.9958323
#82
8.215586
-0.03245694
0.3001135
0.01021798
0.9532964
#83
8.314467
-0.03178846
0.5458888
0.02073239
0.8369977
#84
8.410874
-0.02913288
0.6953373
0.02823152
0.7175377
#85
8.514001
-0.02323983
0.8189754
0.03325137
0.5723929
#86
8.622197
-0.01311565
0.9455168
0.03838911
0.323036
#87
8.713515
-0.01266246
0.949257
0.03854096
0.311874
#88
8.817577
-0.02498592
0.9292534
0.06396119
0.3630054
#89
8.910332
-0.04032457
0.9115366
0.09218868
0.3987184
#90
9.00754
-0.05032365
0.8974435
0.1062194
0.4251824
#91
9.117571
-0.05298444
0.8951992
0.1107097
0.4284325
#92
9.216406
-0.0591129
0.888026
0.1192768
0.4401006
#93
9.307542
-0.06631355
0.8776302
0.1272503
0.4573566
#94
9.405351
-0.06882982
0.8735915
0.1295851
0.464013
#95
9.512798
-0.07054696
0.8694422
0.130133
0.4713373
#96
9.614008
-0.07054696
0.8694422
0.130133
0.4713373
#97
9.705671
-0.07054696
0.8694422
0.130133
0.4713373
#98
9.806465
-0.07054696
0.8694422
0.130133
0.4713373
#99
9.914398
-0.01289227
0.9840255
0.1584962
0.08004177
#100
10.01113
0.009153034
0.9856386
0.158756
-0.0568267
#101
10.11114
0.02065222
0.978914
0.1576729
-0.1282195
#102
10.20196
0.04609502
0.9438371
0.1494891
-0.2910325
#103
10.32609
0.05616739
0.8930541
0.1163838
-0.4309924
#104
10.40466
0.05624352
0.892772
0.116347
-0.4315766
#105
10.50144
0.05624352
0.892772
0.116347
-0.4315766
#106
10.60913
0.05768601
0.887336
0.1156386
-0.4426453
#107
10.71321
0.07612658
0.8073352
0.1068253
-0.5753287
#108
10.81803
0.1426415
0.5907955
0.1070995
-0.7868569
#109
10.9032
0.1620673
0.521051
0.101518
-0.8318258
#110
11.00024
0.1823615
0.4550666
0.0957939
-0.8663037
#111
11.11829
0.1825014
0.2609655
0.0503131
-0.9466039
#112
11.22171
0.1628409
0.2576059
0.04409123
-0.9514084
#113
11.30337
0.1534928
0.2580263
0.04156011
-0.9529613
#114
11.40082
0.1380697
0.284158
0.04139087
-0.9478807
#115
11.50442
0.1262788
0.3136652
0.04213051
-0.9401558
#116
11.6018
0.1256084
0.3149231
0.04208966
-0.9398268
#117
11.71854
0.1176075
0.3152698
0.03940865
-0.9408615
#118
11.81651
0.1176075
0.3152698
0.03940865
-0.9408615
#119
11.9057
0.1176075
0.3152698
0.03940865
-0.9408615
#120
12.00158
0.1176075
0.3152698
0.03940865
-0.9408615
#121
12.1148
0.1176075
0.3152698
0.03940865
-0.9408615
#122
12.20729
0.1176075
0.3152698
0.03940865
-0.9408615
#123
12.31822
0.1176075
0.3152698
0.03940865
-0.9408615
#124
12.41444
0.1176075
0.3152698
0.03940865
-0.9408615
#125
12.51477
0.1176075
0.3152698
0.03940865
-0.9408615
#126
12.61381
0.1176075
0.3152698
0.03940865
-0.9408615
#127
12.71203
0.1176075
0.3152698
0.03940865
-0.9408615
#128
12.80859
0.1176075
0.3152698
0.03940865
-0.9408615
#129
12.90275
0.1176075
0.3152698
0.03940865
-0.9408615
#130
13.01374
0.1176075
0.3152698
0.03940865
-0.9408615
#131
13.11743
0.1176075
0.3152698
0.03940865
-0.9408615
#132
13.21487
0.1176075
0.3152698
0.03940865
-0.9408615
#133
13.31458
0.1122985
0.4213203
0.05266494
-0.89839
#134
13.41339
0.09957727
0.5801882
0.07175218
-0.8051819
#135
13.51931
0.08999696
0.6285886
0.07356417
-0.7690028
#136
13.60764
0.02692172
0.9616718
0.1023487
-0.2529573
#137
13.7022
-0.02892711
0.956517
0.1018001
0.2718
#138
13.81114
-0.03902366
0.9243132
0.09837274
0.3666675
#139
13.91199
-0.01840223
0.9781448
0.0989252
0.1819561
#140
14.00831
0.01836121
0.9688108
0.07560913
-0.2352697
#141
14.12359
0.020254
0.9524221
0.06492966
-0.2970963
#142
14.20905
0.02227
0.9344817
0.05940671
-0.3503124
#143
14.31566
0.04167606
0.7338233
0.04520399
-0.6765524
#144
14.40849
0.04341864
0.7066962
0.04353294
-0.7048406
#145
14.50034
0.04347558
0.705773
0.04347607
-0.705765
#146
14.60164
0.05044356
0.7762721
0.06262787
-0.6252478
#147
14.71152
0.05579266
0.8279757
0.08373776
-0.5516623
#148
14.81829
0.05651473
0.8278654
0.0848215
-0.5515888
#149
14.91572
0.0574278
0.8287786
0.08655979
-0.5498505
#150
15.00846
0.05837295
0.8416634
0.09292053
-0.5287354
#151
15.12571
0.05863363
0.8439543
0.0942918
-0.5247976
#152
15.21339
0.05894544
0.8458843
0.09562867
-0.5214024
#153
15.30643
0.05894544
0.8458843
0.09562867
-0.5214024
#154
15.4198
0.04940366
0.8887899
0.09871218
-0.4448233
#155
15.51436
-0.06075517
0.790167
0.07939152
0.6046834
#156
15.60327
-0.08877619
0.4575026
0.04596728
0.8835707
#157
15.70827
-0.07956634
0.3854629
0.03338471
0.91868
#158
15.81496
-0.07812023
0.3571046
0.02998692
0.9303088
#159
15.90773
-0.07812023
0.3571046
0.02998692
0.9303088
#160
16.0185
-0.0653619
0.3979279
0.02843658
0.9146434
#161
16.11857
-0.09003098
-0.06059002
-0.005487469
0.9940791
#162
16.21639
-0.08508317
-0.330609
-0.02994234
0.9394478
#163
16.30264
-0.08012415
-0.4573657
-0.04142234
0.8846926
#164
16.40767
-0.07020797
-0.6252398
-0.05662623
0.7752029
#165
16.51356
-0.05183434
-0.7997822
-0.06979607
0.5939615
#166
16.614
-0.04733902
-0.8124055
-0.06661347
0.5773379
#167
16.71115
-0.04716447
-0.8139141
-0.06673717
0.5752091
#168
16.80101
-0.04720816
-0.8135373
-0.06670628
0.5757419
#169
16.90418
-0.05771376
-0.7830929
-0.073507
0.6148426
#170
17.00714
-0.0481723
-0.8667021
-0.08536272
0.4891014
#171
17.12057
-0.009632085
-0.9902906
-0.09164862
0.1040776
#172
17.20712
0.001629014
-0.9955893
-0.09213899
-0.01760198
#173
17.31344
0.00254144
-0.9956859
-0.08820581
-0.02868831
#174
17.41124
-0.0008079686
-0.9960573
-0.08823872
0.00912052
#175
17.50899
-0.0149467
-0.9813805
-0.08564398
0.1712718
#176
17.61428
-0.0149467
-0.9813805
-0.08564398
0.1712718
#177
17.71748
-0.01362661
-0.9853835
-0.09574964
0.1402348
#178
17.81983
-0.0124212
-0.9874753
-0.1037879
0.1181797
#179
17.90201
-0.0124212
-0.9874753
-0.1037879
0.1181797
