#0
0
0
0
0
1
#1
0.3733333
0.4200963
0.09886345
-0.04610079
0.9008995
#2
0.4566424
0.4142207
0.09857161
-0.04518164
0.9036944
#3
0.4890636
0.4119118
0.09750514
-0.04438428
0.9049041
#4
0.5331307
0.4010574
0.08851528
-0.03897071
0.9109332
#5
0.5578302
0.3925387
0.07751071
-0.03322114
0.9158613
#6
0.6180175
0.3694019
0.04012317
-0.01596695
0.9282659
#7
0.7059441
0.3593341
0.01587928
-0.006115365
0.9330539
#8
0.8096489
0.3365384
-0.02772891
0.009914739
0.9412092
#9
0.9107004
0.2549905
-0.1117137
0.02967254
0.9600101
#10
1.020849
0.2169392
-0.1400026
0.03145468
0.9655814
#11
1.100902
0.2132456
-0.1369617
0.03020697
0.9668792
#12
1.202456
0.2132456
-0.1369617
0.03020697
0.9668792
#13
1.309091
0.213285
-0.1356959
0.0299278
0.9670576
#14
1.427296
0.1125621
-0.2407087
0.02811705
0.9636382
#15
1.516494
-0.1297922
-0.5530036
-0.08771086
0.8183202
#16
1.616619
-0.1407794
-0.5710935
-0.1001854
0.8024938
#17
1.702061
-0.1406481
-0.5721434
-0.1003696
0.8017455
#18
1.801734
-0.1406481
-0.5721434
-0.1003696
0.8017455
#19
1.908774
-0.1477455
-0.5768777
-0.1070482
0.7961936
#20
2.006181
-0.1507332
-0.6607133
-0.1378798
0.7223064
#21
2.105947
-0.1315375
-0.7857835
-0.1790666
0.5772153
#22
2.208521
-0.1217839
-0.818949
-0.1888811
0.5280295
#23
2.305317
-0.1145277
-0.8437949
-0.1992703
0.4849586
#24
2.422443
-0.08895151
-0.8993768
-0.2167516
0.3690904
#25
2.512997
-0.06991707
-0.92787
-0.2236185
0.2901099
#26
2.620889
-0.0689712
-0.9292687
-0.225243
0.2845494
#27
2.714
-0.06997384
-0.9275903
-0.2222667
0.2920232
#28
2.816852
-0.06973618
-0.927689
-0.2210067
0.2927217
#29
2.949613
-0.02602516
-0.9663875
-0.2315632
0.1086113
#30
3.015604
0.03385852
-0.9613689
-0.2356902
-0.1381073
#31
3.112689
0.09773792
-0.886956
-0.2199102
-0.3942029
#32
3.215795
0.1068611
-0.8696705
-0.2156245
-0.430999
#33
3.309129
0.1074261
-0.8689643
-0.2160532
-0.432067
#34
3.42078
0.08619072
-0.8992914
-0.2061718
-0.3759514
#35
3.51031
0.07886802
-0.9058259
-0.1939856
-0.3682784
#36
3.623143
0.1305783
-0.6450554
-0.1131604
-0.7443438
#37
3.720506
0.1227827
-0.4662378
-0.06552548
-0.8736436
#38
3.816891
0.1278576
-0.3483426
-0.04802676
-0.9273636
#39
3.948539
0.1293289
-0.2907176
-0.03969416
-0.9471968
#40
4.011496
0.1282423
-0.287047
-0.0388103
-0.9484997
#41
4.111446
0.1282423
-0.287047
-0.0388103
-0.9484997
#42
4.206291
0.1293625
-0.2745824
-0.03730804
-0.9520913
#43
4.300244
0.1381171
-0.1804292
-0.02559858
-0.9735059
#44
4.416986
0.1359137
-0.09774447
-0.01347625
-0.9857951
#45
4.50055
0.1315699
-0.08359244
-0.01113506
-0.9877134
#46
4.623524
0.1237876
-0.08561838
-0.01072125
-0.9885501
#47
4.702181
0.1217672
-0.09275605
-0.0114301
-0.988149
#48
4.824153
0.1210979
-0.09470358
-0.01160717
-0.9880444
#49
4.933154
0.1218802
-0.08240342
-0.01015437
-0.9890661
#50
5.013866
0.1219562
-0.07463262
-0.009196798
-0.9896829
#51
5.10038
0.1219622
-0.07398467
-0.009116952
-0.9897315
#52
5.212421
0.1206666
-0.07399653
-0.009020098
-0.9898903
#53
5.309593
0.11997
-0.079185
-0.009599975
-0.989568
#54
5.414996
0.119951
-0.08112821
-0.00983556
-0.9894106
#55
5.536688
0.119938
-0.08242345
-0.009992587
-0.9893035
#56
5.609281
0.1205788
-0.08306427
-0.01012545
-0.9891706
#57
5.705452
0.1244624
-0.08302387
-0.01045156
-0.9886895
#58
5.816755
0.1289907
-0.08297513
-0.01083182
-0.9881089
#59
5.907998
0.1341626
-0.08291727
-0.01126613
-0.98742
#60
6.025464
0.1393309
-0.08285715
-0.01170013
-0.986704
#61
6.122929
0.1425591
-0.08281842
-0.01197121
-0.9862428
#62
6.214081
0.1451486
-0.08214155
-0.012093
-0.9859201
#63
6.309457
0.152904
-0.08075478
-0.01253759
-0.9848562
#64
6.416497
0.1548457
-0.08008541
-0.01259476
-0.9846068
#65
6.517023
0.1664519
-0.07864511
-0.01331948
-0.9828181
#66
6.608683
0.1670952
-0.07863639
-0.01337096
-0.9827089
#67
6.724094
0.2181647
0.04086394
0.00914354
-0.9750131
#68
6.807754
0.2636057
0.2143187
0.06019185
-0.9385928
#69
6.914928
0.2538525
0.3138107
0.08746998
-0.9107309
#70
7.008708
0.2538525
0.3138107
0.08746998
-0.9107309
#71
7.124695
0.2530114
0.2763515
0.07566606
-0.9240615
#72
7.20568
0.2394456
0.4650328
0.1322488
-0.8419743
#73
7.316431
0.2029201
0.6450117
0.1834322
-0.7135378
#74
7.403536
0.1616507
0.7759346
0.2206649
-0.5684202
#75
7.501221
0.09590764
0.9001527
0.2528097
-0.3414881
#76
7.636975
0.09254991
0.9041231
0.251373
-0.3328779
#77
7.71887
0.09328534
0.9021733
0.2463837
-0.3415791
#78
7.813489
0.07680406
0.9220651
0.243405
-0.2909486
#79
7.91772
0.01791595
0.9689047
0.2355219
-0.07370377
#80
8.010647
-0.02445823
0.9696217
0.2176248
0.108973
#81
8.128968
-0.05715401
0.9371144
0.1840669
0.2909802
#82
8.228638
-0.06696653
0.9153618
0.1710987
0.3582646
#83
8.309219
-0.06707855
0.915127
0.1710548
0.3588638
#84
8.428725
-0.06402158
0.9192733
0.1680965
0.3501164
#85
8.505393
-0.1174896
0.7820684
0.1552085
0.5920098
#86
8.614219
-0.1811915
0.4004
0.08109853
0.8945795
#87
8.70489
-0.1807753
0.3852722
0.07724729
0.9016199
#88
8.823887
-0.1790888
0.391267
0.07791663
0.8993144
#89
8.92551
-0.176883
0.40311
0.07972658
0.8943481
#90
9.015626
-0.1762573
0.4399208
0.08850392
0.8761108
#91
9.120834
-0.1748063
0.5022311
0.1044643
0.840413
#92
9.204363
-0.1745151
0.5130487
0.1074152
0.8335392
#93
9.315786
-0.1701214
0.4913543
0.09851682
0.8484834
#94
9.412755
-0.1435811
0.4617131
0.07602226
0.8720242
#95
9.508884
-0.1281939
0.4624117
0.06776775
0.8747281
#96
9.612575
-0.1078419
0.4848745
0.06039437
0.8658056
#97
9.701358
-0.1002857
0.5127937
0.06046633
0.8504877
#98
9.816224
-0.1006457
0.5303684
0.06359476
0.8393662
#99
9.905043
-0.100722
0.5434014
0.06587915
0.8308008
#100
10.01377
-0.1011789
0.5444455
0.06636733
0.8300226
#101
10.11574
-0.1018684
0.5492374
0.06768122
0.8266683
#102
10.23748
-0.1052856
0.5532401
0.07074907
0.8233073
#103
10.31206
-0.1109159
0.5559423
0.07516641
0.8203511
#104
10.42498
-0.1154889
0.5581698
0.07881828
0.817861
#105
10.50115
-0.1184872
0.5599943
0.08132011
0.8159377
#106
10.61782
-0.1231805
0.5605725
0.08477869
0.8144922
#107
10.70861
-0.1285086
0.5600056
0.08844578
0.8136686
#108
10.81149
-0.1338313
0.5594147
0.0921091
0.8128101
#109
10.91679
-0.1348951
0.5592937
0.09284128
0.8126342
#110
11.00856
-0.1370222
0.5590487
0.0943052
0.8122783
#111
11.10576
-0.1403371
0.5576108
0.09631617
0.8124648
#112
11.24929
-0.1490377
0.5549781
0.1018576
0.812042
#113
11.30481
-0.1501005
0.5548443
0.102584
0.8118461
#114
11.40059
-0.1554108
0.554161
0.1062132
0.8108464
#115
11.50791
-0.1570026
0.5539513
0.1073011
0.8105397
#116
11.61923
-0.1621589
0.5542963
0.1111368
0.8087699
#117
11.72524
-0.1648047
0.5539297
0.1129501
0.8082349
#118
11.80863
-0.1679773
0.5534818
0.1151245
0.8075815
#119
11.92221
-0.1719714
0.5544548
0.1183589
0.8056034
#120
12.0047
-0.1740014
0.55467
0.119924
0.8047875
#121
12.10511
-0.1789409
0.5559752
0.1240206
0.8021787
#122
12.2373
-0.1803167
0.5537111
0.1242766
0.8033961
#123
12.3004
-0.174494
0.517336
0.1086663
0.8307268
#124
12.42883
-0.1567636
0.3995337
0.06955026
0.9005336
#125
12.5022
-0.1352691
0.3095632
0.04453986
0.9401538
#126
12.60197
-0.1095187
0.1387505
0.0154408
0.9841319
#127
12.73726
-0.1099453
0.01040986
0.00115156
0.9938825
#128
12.81656
-0.1099474
-0.00845527
-0.0009353394
0.993901
#129
12.91124
-0.1105846
-0.01756053
-0.001954217
0.9937097
#130
13.00154
-0.1181988
-0.05845522
-0.006970375
0.9912434
#131
13.10135
-0.142328
-0.2765283
-0.04145085
0.9495034
#132
13.23269
-0.1539973
-0.3030998
-0.04970246
0.9391193
#133
13.30894
-0.1539973
-0.3030998
-0.04970246
0.9391193
#134
13.40126
-0.1550044
-0.2833657
-0.04646645
0.945261
#135
13.50454
-0.1560991
-0.3593112
-0.0610956
0.9180391
#136
13.60941
-0.1443773
-0.5268567
-0.09135924
0.8326048
#137
13.70825
-0.1355484
-0.5998083
-0.1040094
0.7816896
#138
13.81487
-0.1216999
-0.6991986
-0.1226587
0.6937329
#139
13.91774
-0.1153067
-0.7685598
-0.1447001
0.6124395
#140
14.01934
-0.1039992
-0.8127987
-0.1530292
0.5523807
#141
14.10544
-0.1039992
-0.8127987
-0.1530292
0.5523807
#142
14.21724
-0.1041994
-0.8120748
-0.1528929
0.5534446
#143
14.31947
-0.103338
-0.8139817
-0.1527003
0.5508518
#144
14.42858
-0.08133336
-0.8820627
-0.1654721
0.4335541
#145
14.51575
-0.06572739
-0.9175667
-0.1708895
0.3529138
#146
14.61284
-0.05008792
-0.9451178
-0.1741013
0.2719048
#147
14.72197
-0.02286028
-0.9756529
-0.179066
0.1245557
#148
14.80989
0.00321184
-0.9831809
-0.1817783
-0.01737181
#149
14.94534
0.02117486
-0.9767122
-0.1799213
-0.1149488
#150
15.01359
0.02129265
-0.9766368
-0.1799074
-0.1155882
#151
15.10537
0.02129265
-0.9766368
-0.1799074
-0.1155882
#152
15.2241
0.02037623
-0.9770643
-0.1813089
-0.1098065
#153
15.30133
0.02095089
-0.9761015
-0.1864222
-0.1096983
#154
15.40042
0.02363332
-0.9727858
-0.1996844
-0.1151325
#155
15.51698
0.02546391
-0.9701998
-0.2104296
-0.1174031
#156
15.62191
0.02708288
-0.9683338
-0.2166703
-0.1210377
#157
15.72405
0.02819811
-0.9672186
-0.2197469
-0.1241143
#158
15.80996
0.02876644
-0.9662017
-0.2241758
-0.1239838
#159
15.9126
0.02983651
-0.9638088
-0.2349514
-0.1223942
#160
16.00568
0.031112
-0.9608096
-0.2475881
-0.1207356
#161
16.11173
0.03205928
-0.9588354
-0.2551265
-0.1204876
#162
16.21614
0.03236269
-0.9579048
-0.2589112
-0.1197336
#163
16.30574
0.03236269
-0.9579048
-0.2589112
-0.1197336
#164
16.43667
0.03266066
-0.9569588
-0.2626923
-0.1189791
#165
16.52122
0.03343867
-0.955219
-0.2689499
-0.1187628
#166
16.61306
0.03240667
-0.9399112
-0.3268521
-0.09319015
#167
16.72388
0.01849846
-0.9138237
-0.4035209
-0.04189209
#168
16.80934
0.02567818
-0.9068805
-0.4168789
-0.05586044
#169
16.93266
0.1001152
-0.8717422
-0.4358228
-0.2002525
#170
17.01555
0.121091
-0.8565998
-0.4437823
-0.233733
#171
17.10087
0.1279816
-0.8518552
-0.4448662
-0.2450664
#172
17.20936
0.127812
-0.8539392
-0.4388653
-0.2486951
#173
17.31157
0.125715
-0.8585571
-0.4285288
-0.2518699
#174
17.42535
0.1208484
-0.8669076
-0.4109431
-0.2549366
#175
17.50854
0.1178367
-0.8716887
-0.4007018
-0.2563426
#176
17.60673
0.1146211
-0.8757373
-0.3935721
-0.2550434
#177
17.71592
0.1102593
-0.8806355
-0.3861139
-0.2514757
#178
17.80259
0.1081051
-0.8830521
-0.3823597
-0.2496666
#179
17.91688
0.1064418
-0.8842759
-0.3822025
-0.2462672
#180
18.01107
0.1046218
-0.8857366
-0.3814586
-0.242929
#181
18.10458
0.1036228
-0.8863695
-0.3817311
-0.2406094
#182
18.20793
0.1036228
-0.8863695
-0.3817311
-0.2406094
#183
18.30544
0.1033727
-0.8865269
-0.3817989
-0.2400286
#184
18.41277
0.103029
-0.8865902
-0.3825143
-0.2388002
#185
18.50996
0.1034977
-0.8858375
-0.3842544
-0.2385975
#186
18.6011
0.104122
-0.8848285
-0.3865722
-0.2383257
#187
18.70433
0.1044338
-0.8843217
-0.3877301
-0.2381892
#188
18.81591
0.1047456
-0.8838134
-0.3888874
-0.2380523
#189
18.90096
0.1047456
-0.8838134
-0.3888874
-0.2380523
#190
19.00655
0.1053126
-0.8831475
-0.389975
-0.2384936
#191
19.10953
0.1053126
-0.8831475
-0.389975
-0.2384936
#192
19.24951
0.1151422
-0.877108
-0.3859369
-0.2616804
#193
19.31391
0.1393752
-0.859173
-0.3740251
-0.3201587
#194
19.40107
0.1941956
-0.8017484
-0.3521518
-0.4421275
#195
19.50709
0.2229566
-0.7608121
-0.331798
-0.5112392
#196
19.61166
0.2229566
-0.7608121
-0.331798
-0.5112392
#197
19.73746
0.2168175
-0.7673015
-0.3286678
-0.5061779
#198
19.80595
0.2357747
-0.7378551
-0.3183434
-0.5464776
#199
19.92415
0.3163238
-0.5527419
-0.2384773
-0.7331741
#200
20.03298
0.3424439
-0.3592466
-0.1436885
-0.8561704
#201
20.1087
0.3373689
-0.3535168
-0.1384528
-0.8614168
#202
20.21825
0.3285985
-0.4009698
-0.1567349
-0.8406429
#203
20.30476
0.2732676
-0.6222517
-0.246053
-0.6910757
#204
20.40779
0.2549719
-0.6674834
-0.2624243
-0.6485281
#205
20.52515
0.2296196
-0.5841178
-0.176912
-0.7581447
#206
20.60659
0.1612407
-0.2270824
-0.0381534
-0.9596767
#207
20.71432
0.1588326
-0.1887208
-0.03094653
-0.9686067
#208
20.83342
0.1588326
-0.1887208
-0.03094653
-0.9686067
#209
20.91997
0.1580993
-0.2272061
-0.03741008
-0.9601992
#210
21.01256
0.1847198
0.3000871
0.05935086
-0.9339721
#211
21.10007
0.164269
0.5132471
0.1008115
-0.8363194
#212
21.20589
0.1597581
0.5325404
0.1031538
-0.8247651
#213
21.30087
0.160229
0.5287563
0.1024208
-0.8271962
#214
21.41137
0.1480959
0.5854844
0.109835
-0.7894377
#215
21.5167
0.1486065
0.7540714
0.1827775
-0.6130945
#216
21.60417
0.1517476
0.7783486
0.206012
-0.5733282
#217
21.70217
0.1467536
0.7885347
0.2065006
-0.5603873
#218
21.83711
0.02834436
0.9186546
0.06705892
-0.3882955
#219
21.9096
0.02117853
0.9717606
0.09592428
-0.214549
#220
22.01487
0.02453192
0.9705448
0.1125106
-0.2116185
#221
22.10147
0.02431105
0.9709582
0.1125585
-0.2097133
#222
22.21539
0.02467053
0.9704707
0.1131458
-0.2116034
#223
22.30933
0.02052903
0.9772138
0.1119875
-0.1791383
#224
22.4164
0.004768308
0.9926259
0.1137537
-0.04160871
#225
22.51766
0.001233842
0.9929882
0.1177477
-0.01040522
#226
22.6091
-0.000384702
0.9930375
0.1177536
0.003244263
#227
22.72899
-0.002971592
0.9928727
0.1164163
0.02534365
#228
22.81837
-0.00662685
0.9915867
0.1162655
0.05651804
#229
22.9018
-0.007004315
0.9915084
0.1149408
0.060421
#230
23.01618
-0.007171988
0.9916762
0.1116726
0.06368876
#231
23.11003
-0.006479529
0.9925493
0.1051971
0.06113527
#232
23.21585
-0.005821055
0.9933732
0.09871423
0.05857797
#233
23.30907
-0.005342754
0.9939032
0.09482683
0.05599871
#234
23.42491
-0.004874673
0.9942111
0.09419963
0.05144876
#235
23.509
-0.004813044
0.9942445
0.09420279
0.05079832
#236
23.60189
-0.004722267
0.9942483
0.09485976
0.04949523
#237
23.70857
-0.004661227
0.9941871
0.09616732
0.04818821
#238
23.81192
-0.004811406
0.9936656
0.1020283
0.04685887
#239
23.92936
-0.00505669
0.9931178
0.1072296
0.04683303
#240
24
-0.00516786
0.9927195
0.1111322
0.04616336
#241
24.10551
-0.005393043
0.9920008
0.1176306
0.04548052
#242
24.24158
-0.005779813
0.990964
0.1260667
0.04543298
#243
24.3367
-0.005845876
0.9903489
0.1312614
0.04410632
#244
24.42152
-0.005903606
0.9901762
0.1325576
0.04409863
#245
24.51249
-0.01213131
0.9878572
0.1118974
0.1070982
#246
24.60553
-0.02092197
0.9713016
0.093312
0.2177806
#247
24.70989
-0.02301589
0.9647064
0.09013013
0.2463503
#248
24.80085
-0.0229931
0.9662152
0.09282335
0.2393394
#249
24.90873
-0.022532
0.9683337
0.0949461
0.2297987
#250
25.02659
-0.0261075
0.9593745
0.09470163
0.2644819
#251
25.11907
-0.03374644
0.9305226
0.08877978
0.3537047
#252
25.24085
-0.0271936
0.9099364
0.06043805
0.4094184
#253
25.30494
-0.02003713
0.9021639
0.04215061
0.4288615
#254
25.41714
-0.007681366
0.8758798
0.0139507
0.4822665
#255
25.52518
-0.00934868
0.8399686
0.01447853
0.5423614
#256
25.60192
-0.01121354
0.8370657
0.01716877
0.5467179
#257
25.71086
-0.01363561
0.8391187
0.02105729
0.5433697
#258
25.81432
-0.0145237
0.8433174
0.02281964
0.5367346
#259
25.90948
-0.01601134
0.8488117
0.02574833
0.5278251
#260
26.02107
-0.01899932
0.8507107
0.0308226
0.5243855
#261
26.11134
-0.02071526
0.8506054
0.03360637
0.5243206
#262
26.22534
-0.0231172
0.8504425
0.03750305
0.5242202
#263
26.3067
-0.02723367
0.8501217
0.04418119
0.5240225
#264
26.40998
-0.03583899
0.8519765
0.05882905
0.5190288
