#0
0
0
0
0
1
#1
0.3733333
0
-0.005890452
0
0.9999827
#2
0.6948411
0.04177868
0.06795564
-0.002848185
0.9968092
#3
0.7455106
0.04961278
0.06597451
-0.003284406
0.9965817
#4
0.7783942
0.05092378
0.06401338
-0.003270781
0.9966436
#5
0.795055
0.05093421
0.06075153
-0.003104117
0.9968477
#6
0.8119566
0.05160793
0.05357143
-0.002772402
0.9972257
#7
0.8363584
0.05164763
0.03659474
-0.001893833
0.9979929
#8
0.8531061
0.05167171
0.02026095
-0.001048535
0.9984581
#9
0.9050756
0.05756253
-0.007187481
0.0004144275
0.9983159
#10
1.007075
0.1654677
0.01097285
-0.001841148
0.9861525
#11
1.1075
0.1969777
0.01924888
-0.003868147
0.9802114
#12
1.212617
0.1982679
0.01731963
-0.003504049
0.9799886
#13
1.314824
0.007765838
-0.149315
0.00117274
0.9887585
#14
1.400306
-0.1229008
-0.2579679
-0.03310366
0.9577328
#15
1.502641
-0.1550852
-0.2641689
-0.04308181
0.9509508
#16
1.605238
-0.1994856
-0.2439768
-0.05135839
0.9476514
#17
1.708011
-0.212737
-0.2277899
-0.05107364
0.9488131
#18
1.809418
-0.2142777
-0.2221316
-0.05011044
0.9498588
#19
1.910142
-0.2183716
-0.2026642
-0.04641632
0.9534603
#20
2.012892
-0.2187001
-0.1957946
-0.04484296
0.9548947
#21
2.114418
0.1191604
0.07336157
-0.008829007
0.9901217
#22
2.21649
0.3970118
0.05581193
-0.02419535
0.9157954
#23
2.302073
0.4218689
0.05394721
-0.025156
0.9047008
#24
2.404235
0.2367491
0.04893925
-0.01194141
0.970264
#25
2.506778
-0.002835769
0.01636168
4.640434E-05
0.9998621
#26
2.608949
-0.002835769
0.01636168
4.640434E-05
0.9998621
#27
2.71023
-0.03751075
0.01635022
0.0006138234
0.9991623
#28
2.813632
-0.1750708
-0.101615
-0.01816901
0.9791295
#29
2.900553
-0.218254
-0.1964392
-0.04490037
0.9548616
#30
3.002779
-0.2250221
-0.2326578
-0.05542691
0.944544
#31
3.108672
-0.1946076
-0.5282088
-0.1258371
0.8168772
#32
3.204489
-0.04197082
-0.8711305
-0.07563952
0.4833724
#33
3.306782
-0.02413064
-0.9003323
-0.05033635
0.4316084
#34
3.408523
-0.02413064
-0.9003323
-0.05033635
0.4316084
#35
3.508823
-0.03868642
-0.8533085
-0.06397334
0.5160189
#36
3.610343
-0.0256618
-0.7682225
-0.03085496
0.6389239
#37
3.713127
-0.0256618
-0.7682225
-0.03085496
0.6389239
#38
3.815629
-0.02588326
-0.7636028
-0.03066941
0.6444379
#39
3.901212
-0.02513664
-0.7615291
-0.02958774
0.6469668
#40
4.004519
-0.01665311
-0.7622747
-0.019628
0.6467416
#41
4.106513
-0.0149021
-0.7644359
-0.01768116
0.6442849
#42
4.208244
-0.01446917
-0.7648689
-0.01719031
0.6437941
#43
4.309042
-0.01446917
-0.7648689
-0.01719031
0.6437941
#44
4.41178
-0.01911859
-0.7643039
-0.02268397
0.6441736
#45
4.51521
-0.02291273
-0.7641569
-0.02718567
0.6440498
#46
4.600303
-0.03007717
-0.7638072
-0.03568619
0.643755
#47
4.702552
-0.03468409
-0.7639514
-0.04120693
0.6430219
#48
4.817057
-0.03720896
-0.7637838
-0.04420664
0.6428807
#49
4.903438
-0.03931258
-0.763635
-0.04670587
0.6427556
#50
5.00585
-0.04141577
-0.763478
-0.0492046
0.6426235
#51
5.108266
-0.04348467
-0.7637333
-0.05173128
0.6419848
#52
5.209452
-0.04387065
-0.7641192
-0.05225985
0.6414563
#53
5.311555
-0.04285029
-0.836071
-0.06598368
0.5429507
#54
5.413031
-0.03898095
-0.865939
-0.0683409
0.4939228
#55
5.516586
-0.03071754
-0.9075493
-0.06744248
0.4133548
#56
5.601618
-0.02005277
-0.9403018
-0.05627588
0.3350575
#57
5.704751
-0.009133843
-0.9760129
-0.04176024
0.2134746
#58
5.807042
0.002649623
-0.9968006
-0.03742201
-0.07057735
#59
5.908716
0.003743079
-0.9277895
-0.009311198
-0.3729692
#60
6.010069
0.002054913
-0.9036988
-0.004337398
-0.4281419
#61
6.112318
0.002054913
-0.9036988
-0.004337398
-0.4281419
#62
6.216635
-0.0001769853
-0.9140769
0.0003989198
-0.4055406
#63
6.302118
9.298333E-05
-0.9045479
-0.0001972641
-0.4263719
#64
6.40466
0.002782478
-0.8600619
-0.004690883
-0.5101606
#65
6.507072
0.002922423
-0.8443152
-0.004604999
-0.5358192
#66
6.608319
0.003139024
-0.8177609
-0.004460168
-0.5755324
#67
6.708801
0.002301492
-0.7518348
-0.002624345
-0.6593423
#68
6.809605
-0.0003464077
-0.6082415
0.0002654476
-0.7937519
#69
6.91117
0.001479844
-0.246787
-0.0003768632
-0.9690686
#70
7.015394
0.0002123513
-0.2277133
-4.965987E-05
-0.9737282
#71
7.100536
0.0002123513
-0.2277133
-4.965987E-05
-0.9737282
#72
7.203282
-0.001709611
-0.2015046
0.0003517095
-0.979486
#73
7.30597
0.01450246
0.1246712
0.001822455
-0.9920905
#74
7.402331
0.03036708
0.2794803
0.008844031
-0.9596304
#75
7.509305
0.02948776
0.5081803
0.017413
-0.8605697
#76
7.610776
0.02351194
0.7496371
0.02666909
-0.6608934
#77
7.71502
0.01861394
0.7989083
0.02475771
-0.6006547
#78
7.800033
0.01861394
0.7989083
0.02475771
-0.6006547
#79
7.902896
0.01858152
0.7996938
0.02478205
-0.5996085
#80
8.006402
0.01907979
0.8493354
0.03077256
-0.5266102
#81
8.109545
-0.003306125
0.9966539
0.0531045
0.06204864
#82
8.210238
-0.01300292
0.9737823
0.05764005
0.2196738
#83
8.314696
-0.01670784
0.9575149
0.05667716
0.2822654
#84
8.416416
-0.01135976
0.9886374
0.1047823
0.1071812
#85
8.502466
0.003388009
0.9857567
0.1669494
-0.02000458
#86
8.606102
0.004624604
0.9839355
0.1765947
-0.02576698
#87
8.707215
0.004757504
0.9838026
0.1772356
-0.02640804
#88
8.809021
0.004086377
0.9845722
0.1733851
-0.02320461
#89
8.914364
0.003980023
0.9853562
0.1688725
-0.02322309
#90
9.01658
0.003949621
0.9855765
0.1675825
-0.02322827
#91
9.102025
0.003949621
0.9855765
0.1675825
-0.02322827
#92
9.206098
0.003995222
0.9852455
0.1695174
-0.02322048
#93
9.307586
0.00399615
0.9825049
0.1849802
-0.02122517
#94
9.410159
0.003996212
0.9814119
0.1907671
-0.02055874
#95
9.512176
0.004184421
0.9796227
0.1997516
-0.02052126
#96
9.613236
0.004291812
0.9785634
0.2048782
-0.02049907
#97
9.71659
0.004578024
0.9770494
0.2119149
-0.02110731
#98
9.801946
0.004674678
0.9760683
0.216389
-0.02108612
#99
9.904328
0.004743658
0.9753549
0.2195821
-0.02107071
#100
10.00676
-0.006958589
0.9746683
0.2214392
0.03062835
#101
10.1087
-0.06611085
0.8668433
0.1195135
0.4795086
#102
10.20962
0.06158534
0.597598
-0.04611384
0.7980961
#103
10.31266
0.069333
0.5819392
-0.04988982
0.808734
#104
10.41535
0.069333
0.5819392
-0.04988982
0.808734
#105
10.5004
0.05928772
0.5611769
-0.04034875
0.8245832
#106
10.60131
-0.004778871
0.09280535
0.0004454323
0.9956727
#107
10.70329
-0.04500525
-0.125203
-0.00568543
0.9910936
#108
10.80528
-0.05469111
-0.1999094
-0.01117666
0.978223
#109
10.90665
-0.07671857
-0.003261155
-0.0002509321
0.9970474
#110
11.00819
-0.09265392
0.08851045
0.008269293
0.9917222
#111
11.10945
-0.09876813
0.1234203
0.01234617
0.9873499
#112
11.21429
-0.0984402
0.1472926
0.0147342
0.9840718
#113
11.30072
-0.09759613
0.1601712
0.01591662
0.9821237
#114
11.40478
-0.09759613
0.1601712
0.01591662
0.9821237
#115
11.50711
-0.1028967
0.1504416
0.01574568
0.9831234
#116
11.60888
-0.1068407
0.14523
0.01577702
0.9834859
#117
11.71298
-0.1178987
0.1379695
0.01654345
0.9832551
#118
11.81547
-0.1237223
0.13594
0.01711295
0.9828125
#119
11.91682
-0.1321038
0.1345039
0.01809599
0.9819011
#120
12.00451
-0.1372432
0.1344073
0.0188
0.981196
#121
12.10738
-0.1552005
0.1340403
0.02125985
0.9785162
#122
12.2094
-0.1600806
0.1147177
0.01873433
0.9802363
#123
12.31096
-0.118829
-0.2348496
-0.02893991
0.964307
#124
12.41575
-0.03781022
-0.7111453
-0.03835859
0.7009789
#125
12.50116
-0.01517594
-0.7834594
-0.01914727
0.6209626
#126
12.604
-0.01517594
-0.7834594
-0.01914727
0.6209626
#127
12.70751
-0.01594913
-0.7846512
-0.02020414
0.619403
#128
12.80928
-0.02042534
-0.9691632
-0.0860692
0.229995
#129
12.91171
0.01069037
-0.9891996
-0.09568463
-0.1105184
#130
13.01427
0.02382159
-0.9644071
-0.09328647
-0.2462706
#131
13.10126
0.04784797
-0.8673763
-0.08504691
-0.4879918
#132
13.20288
0.07961626
-0.5754561
-0.0564239
-0.8119901
#133
13.30681
0.07965086
-0.5508577
-0.05292022
-0.8291025
#134
13.40781
0.07965086
-0.5508577
-0.05292022
-0.8291025
#135
13.51014
0.07961623
-0.5514
-0.05297232
-0.828742
#136
13.61363
0.07553055
-0.5888865
-0.05540688
-0.8027689
#137
13.70032
0.07091314
-0.5954579
-0.05288127
-0.7985016
#138
13.80202
0.06893684
-0.601815
-0.05225506
-0.7939369
#139
13.90521
0.06893684
-0.601815
-0.05225506
-0.7939369
#140
14.0068
0.08075954
-0.6025158
-0.0614669
-0.7916277
#141
14.10999
0.09647813
-0.5991222
-0.07303225
-0.7914612
#142
14.21227
0.1137172
-0.5958544
-0.0857312
-0.7903645
#143
14.31554
0.1204378
-0.5951034
-0.09079785
-0.7893684
#144
14.40188
0.1251471
-0.5940422
-0.09421986
-0.7890341
#145
14.50375
0.1251471
-0.5940422
-0.09421986
-0.7890341
#146
14.60653
0.1442639
-0.5680692
-0.1019559
-0.8037975
#147
14.7077
0.1840598
-0.1001651
-0.0188585
-0.9776162
#148
14.80954
0.1580656
0.28383
0.04749683
-0.9445633
#149
14.91669
0.06869777
0.5893336
0.05039417
-0.8033847
#150
15.00492
0.06650969
0.5821065
0.04785784
-0.8089735
#151
15.10742
0.05562145
0.432045
0.02670882
-0.8997388
#152
15.20984
-0.001090841
0.007851539
-8.565052E-06
-0.9999686
#153
15.31202
-0.003054366
-1.88349E-06
5.752895E-09
-0.9999954
#154
15.41382
-0.002396823
0.05037166
-0.0001208858
-0.9987277
#155
15.50119
0.0092991
0.1318145
0.001236601
-0.99123
#156
15.60452
0.01504361
0.1719045
0.002625458
-0.9849952
#157
15.70733
0.01567924
0.1751247
0.002789287
-0.9844174
#158
15.80916
0.01502966
0.1770582
0.002704171
-0.9840819
#159
15.90981
0.01438047
0.1789901
0.002616501
-0.9837423
#160
16.01451
0.0188828
0.1802632
0.003461222
-0.983431
#161
16.10055
0.03173854
0.1827763
0.005903634
-0.9826244
#162
16.20368
0.04137871
0.1833512
0.007724757
-0.9821459
#163
16.30611
0.04716327
0.1833025
0.008804644
-0.9818851
