#0
0
0
0
0
1
#1
0.3733333
0
0
0
1
#2
0.503249
0.001308996
0.0006544979
-8.567362E-07
0.9999989
#3
0.5426393
0.005235963
0.0006544895
-3.42693E-06
0.9999861
#4
0.5757354
0.007853901
1.625414E-11
-1.276624E-13
0.9999692
#5
0.6222718
0.01178066
-0.002617809
3.084176E-05
0.9999272
#6
0.6817458
0.01570691
-0.007198533
0.0001130836
0.9998507
#7
0.7467632
0.02353644
-0.04447886
0.001048202
0.9987325
#8
0.8089554
0.03128087
-0.09080502
0.002853663
0.9953732
#9
0.9007865
0.03337786
-0.1943358
0.006616563
0.9803447
#10
1.01849
-0.04156638
-0.7651361
-0.04964676
0.6406045
#11
1.101882
-0.04491287
-0.7997656
-0.06031014
0.5955842
#12
1.202471
-0.04522301
-0.8005049
-0.06089282
0.5945074
#13
1.307368
-0.04585293
-0.7981241
-0.06123714
0.5976165
#14
1.400011
-0.04772216
-0.8474068
-0.07730646
0.5231138
#15
1.51348
-0.02509457
-0.9747253
-0.1471958
0.1661753
#16
1.610767
-0.03978753
-0.9572819
-0.237125
0.1606237
#17
1.706493
-0.04102857
-0.9564278
-0.2369134
0.1656338
#18
1.815698
-0.04102857
-0.9564278
-0.2369134
0.1656338
#19
1.907284
-0.04102857
-0.9564278
-0.2369134
0.1656338
#20
2.000896
-0.04102857
-0.9564278
-0.2369134
0.1656338
#21
2.10231
-0.04102857
-0.9564278
-0.2369134
0.1656338
#22
2.202611
-0.04102857
-0.9564278
-0.2369134
0.1656338
#23
2.310446
-0.04102857
-0.9564278
-0.2369134
0.1656338
#24
2.407401
0.0395742
-0.9568083
-0.2416655
-0.1566832
#25
2.501622
0.1205811
-0.839163
-0.2072833
-0.488159
#26
2.612763
0.1206673
-0.8383382
-0.2064975
-0.489885
#27
2.702264
0.1196302
-0.8413907
-0.2078336
-0.4843094
#28
2.800745
0.1206974
-0.8369998
-0.2050061
-0.4927841
#29
2.913544
0.1212286
-0.7341359
-0.1360641
-0.6540908
#30
3.009616
0.1260079
-0.5939381
-0.09486768
-0.7888978
#31
3.117181
0.1262566
-0.5831606
-0.09236357
-0.7971525
#32
3.209725
0.1270556
-0.585124
-0.09345984
-0.7954572
#33
3.31759
0.1521284
-0.5037662
-0.09064186
-0.8454943
#34
3.406147
0.1972569
-0.1848224
-0.03789657
-0.9620261
#35
3.511961
0.1867224
0.01285889
0.002444244
-0.9823256
#36
3.609993
0.1648121
-0.01549309
-0.00258918
-0.9861999
#37
3.705418
0.06959458
-0.430406
-0.03330687
-0.8993319
#38
3.808636
0.0570762
-0.5022986
-0.03325259
-0.8621674
#39
3.904532
0.05598779
-0.515801
-0.0338074
-0.8542082
#40
4.005773
0.03162425
-0.6680399
-0.0284372
-0.7429091
#41
4.111882
0.01163449
-0.772466
-0.01415779
-0.6347917
#42
4.214131
0.009876949
-0.7774625
-0.01221338
-0.628733
#43
4.300185
0.009053931
-0.7774779
-0.01119568
-0.6287454
#44
4.406219
0.01344402
-0.7665779
-0.01605754
-0.6418098
#45
4.506922
0.01981823
-0.752362
-0.02265818
-0.6580618
#46
4.606289
0.02313887
-0.7444468
-0.02583407
-0.6667805
#47
4.71385
0.02413424
-0.7413497
-0.02669823
-0.6701533
#48
4.811561
0.02554203
-0.739099
-0.02807038
-0.672527
#49
4.906523
0.03126395
-0.7299922
-0.03346796
-0.6819193
#50
5.001884
0.03309539
-0.7290088
-0.03533565
-0.68279
#51
5.105336
0.03490719
-0.7284667
-0.03722122
-0.6831782
#52
5.219202
0.03580143
-0.7284173
-0.03817475
-0.6831318
#53
5.319514
0.0394876
-0.7264168
-0.04188494
-0.6848394
#54
5.408684
0.04265435
-0.725769
-0.04518465
-0.6851266
#55
5.506381
0.04540734
-0.7246885
-0.04797497
-0.6859031
#56
5.617087
0.04678635
-0.7241438
-0.04936718
-0.6862869
#57
5.712844
0.04993007
-0.72391
-0.05268431
-0.6860653
#58
5.808541
0.07625434
-0.6252769
-0.06158441
-0.7742231
#59
5.906944
0.1611629
-0.2069617
-0.03458711
-0.9643636
#60
6.009753
0.1832386
0.05465888
0.01020445
-0.9814948
#61
6.109783
0.1837455
0.1052859
0.01979884
-0.9771184
#62
6.214711
0.1682268
0.07411807
0.01268588
-0.9828761
#63
6.306718
0.1765746
0.2295638
0.04239175
-0.9562033
#64
6.407116
0.1857032
0.3188242
0.06385205
-0.9272478
#65
6.506211
0.1952525
0.3845617
0.08358441
-0.8983331
#66
6.622206
0.1982408
0.4791165
0.112045
-0.8476992
#67
6.718098
0.1785764
0.6499726
0.1610025
-0.720919
#68
6.814471
0.1712363
0.6814037
0.1687882
-0.691287
#69
6.901042
0.1712363
0.6814037
0.1687882
-0.691287
#70
7.016054
0.1581142
0.7299016
0.1802945
-0.6401075
#71
7.110973
0.121259
0.8375607
0.2068875
-0.4909033
#72
7.212731
0.08871561
0.9019432
0.2227908
-0.359155
#73
7.304697
0.0610042
0.9388825
0.2319153
-0.2469686
#74
7.416889
0.03893144
0.9595215
0.223067
-0.1674633
#75
7.504098
0.03867619
0.9597768
0.2224643
-0.1668605
#76
7.610373
0.04230722
0.9571786
0.2179049
-0.1858405
#77
7.710009
-0.08989917
0.8891907
0.1987577
0.4021857
#78
7.816807
-0.1327876
0.7666749
0.1682138
0.6052118
#79
7.911791
-0.1329396
0.7647998
0.1672778
0.6078047
#80
8.017262
-0.1132628
0.8101149
0.1666611
0.5505539
#81
8.11563
-0.006175426
0.9915089
0.1193274
0.05131254
#82
8.208067
-0.003309516
0.9929609
0.1148895
0.02860331
#83
8.313994
-0.002482315
0.9931411
0.1149103
0.02145402
#84
8.419253
-0.00595867
0.9914036
0.12129
0.04870516
#85
8.513044
-0.01181239
0.9875861
0.1267317
0.09205083
#86
8.603466
-0.0205803
0.9792139
0.1321774
0.1524657
#87
8.704002
-0.02478788
0.9740075
0.132773
0.181841
#88
8.81218
-0.02955021
0.9668323
0.1317949
0.2167769
#89
8.91504
-0.03273281
0.9612998
0.1310408
0.2401241
#90
9.004476
-0.0334185
0.9600293
0.1308676
0.2451543
#91
9.105206
-0.03538469
0.9562302
0.1303497
0.259578
#92
9.200425
-0.03698418
0.9523836
0.1285557
0.2739911
#93
9.303738
-0.03846013
0.9501325
0.1301519
0.2807659
#94
9.410248
-0.03924261
0.948751
0.1305954
0.2850903
#95
9.505062
-0.03988903
0.948306
0.1324319
0.2856336
#96
9.61161
-0.04231786
0.9471448
0.1404956
0.2852839
#97
9.715477
-0.04371925
0.9463043
0.1448049
0.2857066
#98
9.825852
-0.04428015
0.9460182
0.1466627
0.2856202
#99
9.909287
-0.04456343
0.945735
0.1472527
0.2862099
#100
10.01626
-0.04606141
0.944951
0.1522026
0.2859727
#101
10.10807
-0.0471465
0.944886
0.1572722
0.2832545
#102
10.20286
-0.04767877
0.9448408
0.1598079
0.2818937
#103
10.31334
-0.04786326
0.944736
0.1604263
0.2818624
#104
10.40601
-0.04786326
0.944736
0.1604263
0.2818624
#105
10.52739
-0.02888211
0.9647883
0.1199571
0.2322925
#106
10.6112
-0.02333528
0.9723491
0.1112151
0.2040195
#107
10.71614
-0.02198774
0.9744502
0.1101633
0.1944926
#108
10.82096
-0.02047103
0.9766484
0.1084701
0.184318
#109
10.91824
-0.0183083
0.9791481
0.1029127
0.1741916
#110
11.02019
-0.01743719
0.9802472
0.1010827
0.1690969
#111
11.11529
-0.01571322
0.9823136
0.09674955
0.1595389
#112
11.21738
-0.01548299
0.9825847
0.09612696
0.1582631
#113
11.31627
-0.01469155
0.9837615
0.0955921
0.1511944
#114
11.41748
-0.01462897
0.9838603
0.09560169
0.1505502
#115
11.50385
-0.01541704
0.9833462
0.1007518
0.1504716
#116
11.61591
-0.01669675
0.9824533
0.1091149
0.150335
#117
11.70005
-0.017571
0.981956
0.116874
0.1476286
#118
11.80905
-0.01926594
0.9806485
0.1310643
0.1441514
#119
11.91313
-0.02077606
0.979224
0.1426353
0.1426324
#120
12.0076
-0.02077606
0.979224
0.1426353
0.1426324
#121
12.11062
-0.02105608
0.978942
0.1445577
0.1425913
#122
12.21263
-0.02142931
0.9785602
0.1471201
0.1425357
#123
12.31909
-0.02476779
0.9750128
0.1662243
0.145279
#124
12.40698
-0.04579831
0.9397582
0.1394001
0.3087468
#125
12.50471
-0.08767564
0.7587517
0.1044422
0.6369463
#126
12.6158
-0.101003
0.653852
0.08869489
0.7445866
#127
12.71448
-0.101003
0.653852
0.08869489
0.7445866
#128
12.81618
-0.09842455
0.6594276
0.08769371
0.74012
#129
12.91653
-0.1519837
0.4278337
0.0732271
0.8879736
#130
13.00403
-0.184573
0.268254
0.05244708
0.9440455
#131
13.10336
-0.1884025
0.2427024
0.04811144
0.9504133
#132
13.21353
-0.1901128
0.2333002
0.0465651
0.9525019
#133
13.31151
-0.205721
0.1416274
0.03010385
0.9678401
#134
13.40047
-0.1982428
0.08200806
0.01664749
0.9765743
#135
13.51399
-0.1620105
0.05358016
0.008810112
0.985294
#136
13.60432
-0.1400934
0.04729101
0.006698941
0.9889857
#137
13.70575
-0.1135143
0.04615472
0.005279077
0.9924497
#138
13.80589
-0.1082992
0.04943168
0.005391833
0.992874
#139
13.9007
-0.09723253
0.05209109
0.005096113
0.9938845
#140
14.00493
-0.08812163
0.05213559
0.004618596
0.9947337
#141
14.11029
-0.08421466
0.05215333
0.004413826
0.9950721
#142
14.20354
-0.08421466
0.05215333
0.004413826
0.9950721
#143
14.3104
-0.08421466
0.05215333
0.004413826
0.9950721
#144
14.41214
-0.08421466
0.05215333
0.004413826
0.9950721
#145
14.51685
-0.08421466
0.05215333
0.004413826
0.9950721
#146
14.6048
-0.08746754
0.05278988
0.004641739
0.9947569
#147
14.71043
-0.09071922
0.05342547
0.004873862
0.9944305
#148
14.81095
-0.09396967
0.05405961
0.005110148
0.9940932
#149
14.90545
-0.09982371
0.05402857
0.005428496
0.9935224
#150
15.00601
-0.1056743
0.05399565
0.005746654
0.9929171
#151
15.11098
-0.1115212
0.05396087
0.006064612
0.9922774
#152
15.21158
-0.1115212
0.05396087
0.006064612
0.9922774
#153
15.30756
-0.1115212
0.05396087
0.006064612
0.9922774
#154
15.40961
-0.1115212
0.05396087
0.006064612
0.9922774
#155
15.51229
-0.03385427
-0.2863414
-0.01012441
0.9574759
#156
15.61312
-0.0213556
-0.5122552
-0.01274299
0.8584732
#157
15.7132
-0.02305016
-0.511667
-0.01373369
0.8587648
#158
15.8092
-0.02622585
-0.4906769
-0.01477733
0.8708215
#159
15.90564
-0.04959349
-0.6900343
-0.04749569
0.7205119
#160
16.02855
-0.01057105
-0.9893927
-0.09810074
0.106614
#161
16.11365
0.0005883256
-0.9949731
-0.09996945
-0.00585547
#162
16.20189
0.00171977
-0.9933353
-0.1142742
-0.0149492
#163
16.30196
-0.001836098
-0.9944347
-0.1038615
0.01757995
#164
16.41401
0.01944515
-0.9560425
-0.0651766
-0.2852311
#165
16.50603
0.01652894
-0.9448541
-0.04827775
-0.3234914
#166
16.61393
0.01514648
-0.94274
-0.04322194
-0.330369
#167
16.70209
0.01042106
-0.96087
-0.0364932
-0.2743876
#168
16.80159
0.008642042
-0.9730275
-0.03695493
-0.2275459
#169
16.91231
0.008250043
-0.9795411
-0.04105511
-0.1968392
#170
17.01129
0.008396794
-0.9799986
-0.04235942
-0.1942625
#171
17.12714
0.009318333
-0.9822972
-0.05083553
-0.1800586
#172
17.21419
0.0102684
-0.9835486
-0.05929511
-0.1703255
#173
17.32137
0.01056912
-0.9847435
-0.06454367
-0.1612532
#174
17.41656
0.0112885
-0.9848686
-0.07038046
-0.1579655
#175
17.51695
0.01231457
-0.9851422
-0.08012813
-0.1514026
#176
17.61237
0.01231457
-0.9851422
-0.08012813
-0.1514026
#177
17.71701
0.0127109
-0.984929
-0.08270696
-0.1513698
#178
17.80101
0.01330523
-0.9845967
-0.08657411
-0.1513187
#179
17.91155
0.01425676
-0.9839705
-0.092363
-0.1518815
