#0
0
0
0
0
1
#1
0.3733333
0.01505288
0.001308848
-1.970419E-05
0.9998859
#2
0.4583722
0.1125239
-0.1387009
0.01586428
0.9837931
#3
0.484825
0.1125239
-0.1387009
0.01586428
0.9837931
#4
0.5015998
0.1125239
-0.1387009
0.01586428
0.9837931
#5
0.527578
0.1347326
-0.1190253
0.01630444
0.9835722
#6
0.603678
0.209217
-0.07479839
0.01605245
0.9748722
#7
0.7002591
0.219489
-0.07016936
0.01582944
0.9729596
#8
0.8235176
0.06616283
-0.267027
0.01837967
0.9612394
#9
0.9217979
-0.09163484
-0.4235902
-0.04312009
0.900175
#10
1.003804
-0.1102286
-0.4458858
-0.05543922
0.886545
#11
1.122082
-0.1131804
-0.4537652
-0.05822928
0.8819845
#12
1.20574
-0.1086656
-0.4430895
-0.0542083
0.8882145
#13
1.305501
-0.1075029
-0.4431601
-0.05362825
0.888356
#14
1.418192
-0.1255203
-0.4997225
-0.07345842
0.8538888
#15
1.507882
-0.1670746
-0.5690225
-0.1193933
0.7962692
#16
1.620666
-0.1670746
-0.5690225
-0.1193933
0.7962692
#17
1.710725
-0.1670746
-0.5690225
-0.1193933
0.7962692
#18
1.8151
-0.1670746
-0.5690225
-0.1193933
0.7962692
#19
1.913559
-0.1670746
-0.5690225
-0.1193933
0.7962692
#20
2.015371
-0.1670746
-0.5690225
-0.1193933
0.7962692
#21
2.108706
-0.161465
-0.5759598
-0.1173112
0.7927405
#22
2.202205
-0.1188426
-0.6890188
-0.116075
0.7054475
#23
2.310975
-0.1204321
-0.7890763
-0.1639485
0.579634
#24
2.404552
-0.1203248
-0.7894555
-0.1640273
0.5791175
#25
2.514983
-0.1284295
-0.7193874
-0.1382067
0.6684958
#26
2.610739
-0.1227918
-0.7541448
-0.1474448
0.6280509
#27
2.700595
-0.08520389
-0.8793536
-0.1719247
0.4357975
#28
2.807409
-0.08266849
-0.8850957
-0.172446
0.4243041
#29
2.901708
-0.07968105
-0.8917647
-0.1731396
0.4104015
#30
3.022461
-0.06042162
-0.9257919
-0.1678276
0.3333054
#31
3.103253
-0.06042162
-0.9257919
-0.1678276
0.3333054
#32
3.205233
-0.06273489
-0.9218066
-0.1683517
0.3435036
#33
3.301998
-0.01806044
-0.9794424
-0.1729224
0.1022953
#34
3.421307
0.05516944
-0.932106
-0.1607932
-0.3198131
#35
3.514582
0.05673084
-0.9282658
-0.1588798
-0.3314538
#36
3.614407
0.05401911
-0.9337714
-0.1598221
-0.3156103
#37
3.715127
0.05861475
-0.9246402
-0.1588822
-0.3411179
#38
3.811018
0.08881969
-0.8504992
-0.1524543
-0.4954997
#39
3.902829
0.09816536
-0.81538
-0.1450578
-0.5517945
#40
4.012333
0.09557499
-0.7989695
-0.1319104
-0.5788893
#41
4.11281
0.1219276
-0.6337829
-0.1020829
-0.7569888
#42
4.213777
0.1142711
-0.5740831
-0.08132081
-0.8066955
#43
4.30509
0.1142975
-0.5839611
-0.08349993
-0.7993456
#44
4.404554
0.1210761
-0.5128109
-0.07332624
-0.8467519
#45
4.519211
0.08073755
-0.1976248
-0.01633453
-0.9768107
#46
4.60846
0.04906754
-0.001960923
-9.633391E-05
-0.9987935
#47
4.715449
0.04710605
-0.003922536
-0.000184982
-0.9988822
#48
4.820515
0.04699942
-0.06728742
-0.003173192
-0.996621
#49
4.903375
0.06474686
0.00979693
0.0006356849
-0.9978535
#50
5.00312
0.1241226
0.3582046
0.04811288
-0.924104
#51
5.105362
0.1259512
0.4355907
0.06170288
-0.8891512
#52
5.217087
0.1238941
0.448431
0.06292309
-0.8829499
#53
5.313935
0.1147383
0.5094823
0.06877152
-0.8500196
#54
5.40272
0.1118995
0.5240106
0.06968523
-0.8414484
#55
5.510921
0.1118995
0.5240106
0.06968523
-0.8414484
#56
5.603121
0.1118995
0.5240106
0.06968523
-0.8414484
#57
5.700058
0.1118995
0.5240106
0.06968523
-0.8414484
#58
5.809342
0.1118995
0.5240106
0.06968523
-0.8414484
#59
5.910903
0.1118995
0.5240106
0.06968523
-0.8414484
#60
6.005523
0.1146057
0.5243303
0.07147472
-0.8407346
#61
6.100174
0.1147124
0.5416764
0.0749229
-0.8293457
#62
6.202747
0.1087077
0.6256152
0.08862049
-0.7674209
#63
6.316374
0.0941202
0.7340627
0.1039824
-0.6644404
#64
6.4054
0.07928886
0.8167139
0.1156903
-0.5597387
#65
6.514917
0.03433722
0.936641
0.09596637
-0.3351345
#66
6.618334
0.003868616
0.9957354
0.04957061
-0.07770971
#67
6.714845
0.001134195
0.9974608
0.06931188
-0.01632209
#68
6.820227
0.01008466
0.9883683
0.07583386
-0.1314367
#69
6.917969
0.02835317
0.9712132
0.1518708
-0.1813184
#70
7.019328
0.04244743
0.9573193
0.2126708
-0.1910734
#71
7.118423
0.04289123
0.9564371
0.2216902
-0.1850455
#72
7.205166
0.04170197
0.9573652
0.2225657
-0.1793808
#73
7.301823
0.03827319
0.9603903
0.2192973
-0.1676136
#74
7.418143
0.0368753
0.9617542
0.2162997
-0.1639622
#75
7.516162
0.03648555
0.9621094
0.2157181
-0.1627266
#76
7.614501
0.03620306
0.9623217
0.2157657
-0.1614667
#77
7.716284
0.03756613
0.9599366
0.2284678
-0.1578389
#78
7.805738
0.03756613
0.9599366
0.2284678
-0.1578389
#79
7.912896
0.03751943
0.9598899
0.2291206
-0.1571859
#80
8.005369
0.03751943
0.9598899
0.2291206
-0.1571859
#81
8.114485
0.03751943
0.9598899
0.2291206
-0.1571859
#82
8.209112
0.03751943
0.9598899
0.2291206
-0.1571859
#83
8.322135
0.03196901
0.961022
0.2440684
-0.1258783
#84
8.420485
-0.09248106
0.874952
0.18478
0.4379071
#85
8.511344
-0.1034912
0.8188775
0.1562092
0.54252
#86
8.608981
-0.1034912
0.8188775
0.1562092
0.54252
#87
8.705986
-0.1001501
0.837131
0.1636696
0.512244
#88
8.820401
-0.1905534
0.5617161
0.1348561
0.7937118
#89
8.914261
-0.2094836
0.4518261
0.1100389
0.8601519
#90
9.01812
-0.2139078
0.4154109
0.1011702
0.8783177
#91
9.108042
-0.173851
-0.01160357
-0.002048633
0.9847015
#92
9.200017
-0.1182929
-0.2006682
-0.0244168
0.9721846
#93
9.305105
-0.1216511
-0.1935859
-0.02419818
0.9732112
#94
9.404946
-0.1191732
-0.1617055
-0.01967591
0.9794192
#95
9.515012
-0.1546018
-0.5251613
-0.09768845
0.8311203
#96
9.604108
-0.1462436
-0.6952686
-0.1477839
0.6880221
#97
9.701483
-0.1394465
-0.7272341
-0.1550759
0.6539395
#98
9.818555
-0.1457945
-0.6463637
-0.1276904
0.7380062
#99
9.915167
-0.1568911
-0.561237
-0.1093476
0.8052586
#100
10.00164
-0.1642408
-0.5414783
-0.1088124
0.8173041
#101
10.10526
-0.1662764
-0.525869
-0.1056756
0.8274338
#102
10.21421
-0.1534518
-0.5518035
-0.1041397
0.8130931
#103
10.31276
-0.1483287
-0.5550686
-0.1013735
0.8121705
#104
10.403
-0.1428176
-0.5573161
-0.09801915
0.8120309
#105
10.51613
-0.1377834
-0.5600103
-0.09509569
0.8113945
#106
10.60526
-0.1377834
-0.5600103
-0.09509569
0.8113945
#107
10.7159
-0.1377834
-0.5600103
-0.09509569
0.8113945
#108
10.81371
-0.1377834
-0.5600103
-0.09509569
0.8113945
#109
10.91582
-0.1377834
-0.5600103
-0.09509569
0.8113945
#110
11.00235
-0.1377834
-0.5600103
-0.09509569
0.8113945
#111
11.10564
-0.1377834
-0.5600103
-0.09509569
0.8113945
#112
11.21619
-0.1374715
-0.5626626
-0.09554609
0.8095575
#113
11.32215
-0.1309281
-0.6144054
-0.1043326
0.7710244
#114
11.40279
-0.1029042
-0.6617388
-0.09241251
0.7368666
#115
11.5037
-0.0839396
-0.6911452
-0.08134376
0.713201
#116
11.60829
-0.0824867
-0.6917704
-0.08004057
0.7129117
#117
11.71589
-0.0824867
-0.6917704
-0.08004057
0.7129117
#118
11.80021
-0.08274819
-0.6894337
-0.07977019
0.7151718
#119
11.9128
-0.08504622
-0.6854692
-0.08113061
0.7185521
#120
12.02036
-0.09287569
-0.6742916
-0.0860797
0.7275268
#121
12.11281
-0.09352155
-0.6728053
-0.08633753
0.7287884
#122
12.21669
-0.09352155
-0.6728053
-0.08633753
0.7287884
#123
12.30588
-0.09399852
-0.6727487
-0.08677787
0.7287271
#124
12.40337
-0.09424676
-0.6745973
-0.08746522
0.7269016
#125
12.50189
-0.0907779
-0.7057539
-0.09197456
0.6965714
#126
12.60391
-0.01943887
-0.9759994
-0.09806287
0.193471
#127
12.70625
-0.01641356
-0.9814882
-0.09861436
0.1633608
#128
12.81078
-0.01649661
-0.9815712
-0.0999207
0.1620545
#129
12.91412
-0.01732622
-0.9803136
-0.100441
0.1691056
#130
13.0115
0.004631142
-0.9937109
-0.1024709
-0.04491046
#131
13.10842
0.03828134
-0.9419892
-0.1152445
-0.3129052
#132
13.20869
0.04389002
-0.9255009
-0.1132273
-0.3587497
#133
13.30584
0.05442191
-0.8873414
-0.1085588
-0.4448355
#134
13.42126
0.1584902
-0.5411711
-0.1047029
-0.8191776
#135
13.51462
0.1941016
-0.408407
-0.08932716
-0.8874395
#136
13.62938
0.1941016
-0.408407
-0.08932716
-0.8874395
#137
13.70869
0.1820689
-0.4421488
-0.09216835
-0.8734187
#138
13.80241
0.2141751
-0.2658528
-0.0607053
-0.9379585
#139
13.90086
0.2416571
0.02032579
0.005063079
-0.9701356
#140
14.01085
0.2459714
0.1969083
0.05110731
-0.9476884
#141
14.11211
0.2295165
0.2151226
0.0520933
-0.9478031
#142
14.21549
0.1753548
0.160306
0.02895192
-0.9709349
#143
14.30704
0.1343271
0.1035748
0.01411891
-0.9854082
#144
14.41323
0.1145402
0.08247824
0.009543053
-0.9899428
#145
14.52552
0.1145402
0.08247824
0.009543053
-0.9899428
#146
14.60091
0.1145587
0.08053517
0.009318232
-0.9901028
#147
14.71542
0.1160079
0.06236872
0.007299049
-0.9912614
#148
14.81523
0.1160532
0.05588051
0.006539729
-0.9916483
#149
14.91184
0.1161153
0.04549375
0.005324161
-0.992179
#150
15.00574
0.1161153
0.04549375
0.005324161
-0.992179
#151
15.10083
0.1161321
0.04224799
0.004944307
-0.9923226
#152
15.20196
0.1161385
0.04094956
0.004792351
-0.992377
#153
15.30558
0.1161385
0.04094956
0.004792351
-0.992377
#154
15.41471
0.1161385
0.04094956
0.004792351
-0.992377
#155
15.50644
0.1161385
0.04094956
0.004792351
-0.992377
#156
15.61488
0.1161385
0.04094956
0.004792351
-0.992377
#157
15.7168
0.1161385
0.04094956
0.004792351
-0.992377
#158
15.80517
0.1161385
0.04094956
0.004792351
-0.992377
#159
15.90501
0.1161385
0.04094956
0.004792351
-0.992377
#160
16.01057
0.1161385
0.04094956
0.004792351
-0.992377
#161
16.10122
0.1161385
0.04094956
0.004792351
-0.992377
#162
16.20461
0.116788
0.04094641
0.004819151
-0.9923007
#163
16.31982
0.1114942
0.3570208
0.04296717
-0.9264227
#164
16.40532
0.1087356
0.793289
0.1486391
-0.5803238
#165
16.50574
0.1076152
0.8262024
0.1688437
-0.5265932
#166
16.61381
0.1076152
0.8262024
0.1688437
-0.5265932
#167
16.70116
0.1103072
0.8155667
0.1655584
-0.5433909
#168
16.8139
0.04565885
0.9538054
0.2256897
-0.1929625
#169
16.90349
-0.05537812
0.944591
0.2248155
0.2326782
#170
17.0028
-0.06750312
0.930564
0.221477
0.283623
#171
17.11626
-0.05483816
0.9440513
0.2051893
0.2523038
#172
17.21656
-0.01883155
0.9811066
0.1415981
0.1304803
#173
17.31366
-0.01250285
0.9866743
0.1331844
0.09262525
#174
17.4038
-0.01031967
0.9886013
0.1268619
0.08041841
#175
17.503
-0.008686037
0.990353
0.117216
0.07338797
#176
17.60318
-0.008060638
0.9911942
0.1107423
0.07214639
#177
17.71034
-0.007427705
0.9918523
0.1068739
0.06893341
#178
17.80325
-0.006184227
0.992826
0.1036933
0.05921177
#179
17.91332
-0.006048546
0.9929026
0.1037013
0.05791267
#180
18.00794
-0.006048546
0.9929026
0.1037013
0.05791267
#181
18.11233
-0.006048546
0.9929026
0.1037013
0.05791267
#182
18.20116
-0.006048546
0.9929026
0.1037013
0.05791267
#183
18.32893
-0.006284358
0.9921692
0.1115088
0.05591619
#184
18.41642
-0.006357546
0.9920224
0.1128074
0.05590792
#185
18.50869
-0.006428389
0.99176
0.1154084
0.05524227
#186
18.60256
-0.006460067
0.9915674
0.1173597
0.05458084
