#0
0
0
0
0
1
#1
0.3733333
0
0
0
1
#2
0.443763
0
0
0
1
#3
0.4712904
0
0
0
1
#4
0.4931053
0
0
0
1
#5
0.5128574
0
0
0
1
#6
0.6024132
0
0
0
1
#7
0.7171432
0
0
0
1
#8
0.8044546
0
0
0
1
#9
0.9141315
0
0
0
1
#10
1.006445
0
0
0
1
#11
1.101914
0
0
0
1
#12
1.203945
0
0
0
1
#13
1.309748
0
0
0
1
#14
1.416317
0
0
0
1
#15
1.501028
0
0
0
1
#16
1.619273
-0.006544769
-0.007199267
-4.711977E-05
0.9999527
#17
1.708551
-0.05224169
-0.1671788
-0.008871195
0.9845016
#18
1.802594
-0.07243946
-0.2675298
-0.02017436
0.9606109
#19
1.910898
-0.07243946
-0.2675298
-0.02017436
0.9606109
#20
2.005735
-0.07629398
-0.2636753
-0.02092535
0.9613619
#21
2.118963
-0.112101
-0.3816512
-0.04669184
0.9162945
#22
2.215406
-0.112048
-0.5955215
-0.08435763
0.7910015
#23
2.304703
-0.1128614
-0.61116
-0.08861398
0.7783916
#24
2.420146
-0.1128614
-0.61116
-0.08861398
0.7783916
#25
2.521926
-0.1128614
-0.61116
-0.08861398
0.7783916
#26
2.603329
-0.1128614
-0.61116
-0.08861398
0.7783916
#27
2.707171
-0.1143896
-0.6109847
-0.08981383
0.7781684
#28
2.800761
-0.1143896
-0.6109847
-0.08981383
0.7781684
#29
2.901992
-0.1143896
-0.6109847
-0.08981383
0.7781684
#30
3.004604
-0.1143896
-0.6109847
-0.08981383
0.7781684
#31
3.10785
-0.1146243
-0.6089454
-0.08951405
0.7797653
#32
3.215579
-0.1146243
-0.6089454
-0.08951405
0.7797653
#33
3.31665
-0.1146243
-0.6089454
-0.08951405
0.7797653
#34
3.41634
-0.1146243
-0.6089454
-0.08951405
0.7797653
#35
3.506607
-0.1146243
-0.6089454
-0.08951405
0.7797653
#36
3.600088
-0.1146243
-0.6089454
-0.08951405
0.7797653
#37
3.71447
-0.1146243
-0.6089454
-0.08951405
0.7797653
#38
3.8009
-0.1146243
-0.6089454
-0.08951405
0.7797653
#39
3.901824
-0.1146243
-0.6089454
-0.08951405
0.7797653
#40
4.002415
-0.1146243
-0.6089454
-0.08951405
0.7797653
#41
4.1048
-0.1146243
-0.6089454
-0.08951405
0.7797653
#42
4.208508
-0.1146243
-0.6089454
-0.08951405
0.7797653
#43
4.305722
-0.1146243
-0.6089454
-0.08951405
0.7797653
#44
4.408083
-0.1146243
-0.6089454
-0.08951405
0.7797653
#45
4.505935
-0.1146243
-0.6089454
-0.08951405
0.7797653
#46
4.61614
-0.1146243
-0.6089454
-0.08951405
0.7797653
#47
4.709536
-0.1146243
-0.6089454
-0.08951405
0.7797653
#48
4.80271
-0.1146243
-0.6089454
-0.08951405
0.7797653
#49
4.910306
-0.1146243
-0.6089454
-0.08951405
0.7797653
#50
5.000375
-0.1146243
-0.6089454
-0.08951405
0.7797653
#51
5.100893
-0.1146243
-0.6089454
-0.08951405
0.7797653
#52
5.201942
-0.1146243
-0.6089454
-0.08951405
0.7797653
#53
5.305729
-0.1146243
-0.6089454
-0.08951405
0.7797653
#54
5.411735
-0.1146243
-0.6089454
-0.08951405
0.7797653
#55
5.503404
-0.1146243
-0.6089454
-0.08951405
0.7797653
#56
5.606439
-0.1146243
-0.6089454
-0.08951405
0.7797653
#57
5.712461
-0.1146243
-0.6089454
-0.08951405
0.7797653
#58
5.807451
-0.1146243
-0.6089454
-0.08951405
0.7797653
#59
5.904624
-0.1090928
-0.6542806
-0.09617825
0.7421356
#60
6.001718
-0.1101909
-0.7875485
-0.1475636
0.5880904
#61
6.106379
-0.109799
-0.7905198
-0.1486559
0.583887
#62
6.208528
-0.109799
-0.7905198
-0.1486559
0.583887
#63
6.311811
-0.109799
-0.7905198
-0.1486559
0.583887
#64
6.401524
-0.109799
-0.7905198
-0.1486559
0.583887
#65
6.513169
-0.109799
-0.7905198
-0.1486559
0.583887
#66
6.60076
-0.109799
-0.7905198
-0.1486559
0.583887
#67
6.711015
-0.1052224
-0.794526
-0.1440318
0.5804409
#68
6.800408
-0.1052224
-0.794526
-0.1440318
0.5804409
#69
6.900919
-0.1068021
-0.8083336
-0.1547463
0.5578922
#70
7.016121
0.03192321
-0.9680594
-0.1728735
-0.178764
#71
7.116567
0.06854788
-0.9065047
-0.1618812
-0.3838554
#72
7.200575
0.06808545
-0.9071122
-0.1613772
-0.382713
#73
7.308125
0.05609937
-0.9292341
-0.1584197
-0.3290592
#74
7.406722
0.02322316
-0.9742797
-0.189822
-0.1191951
#75
7.509048
0.01295882
-0.9752362
-0.2126359
-0.05943451
#76
7.600262
-0.008398094
-0.9736431
-0.225007
0.03633996
#77
7.701803
-0.02003778
-0.9700779
-0.2261905
0.08593732
#78
7.812491
-0.03384166
-0.9626513
-0.2271177
0.1434398
#79
7.906011
-0.04008775
-0.9573218
-0.2351408
0.163208
#80
8.02494
-0.04113692
-0.9562726
-0.2375394
0.1656067
#81
8.116637
-0.04865001
-0.9495377
-0.2471149
0.1869374
#82
8.212039
-0.0489345
-0.9492533
-0.2477043
0.1875269
#83
8.300057
-0.04897345
-0.9492922
-0.247051
0.1881802
#84
8.411883
-0.04893771
-0.9498255
-0.2418868
0.1921654
#85
8.500957
-0.04893771
-0.9498255
-0.2418868
0.1921654
#86
8.602988
-0.04893771
-0.9498255
-0.2418868
0.1921654
#87
8.715757
-0.04893771
-0.9498255
-0.2418868
0.1921654
#88
8.80746
-0.04893771
-0.9498255
-0.2418868
0.1921654
#89
8.913273
-0.04893771
-0.9498255
-0.2418868
0.1921654
#90
9.006496
-0.04893771
-0.9498255
-0.2418868
0.1921654
#91
9.102456
-0.0491892
-0.949508
-0.2431299
0.1921012
#92
9.21574
-0.04994321
-0.9485459
-0.2468568
0.1919065
#93
9.313627
0.01103434
-0.9648824
-0.2592165
-0.04107318
#94
9.432625
0.09409662
-0.8007405
-0.1305882
-0.5769812
#95
9.515787
0.08106506
-0.6651376
-0.07299131
-0.7387102
#96
9.603467
0.07924689
-0.6590613
-0.07014254
-0.7446061
#97
9.710282
0.08144378
-0.5278373
-0.05094121
-0.8438956
#98
9.801191
0.07190234
-0.4982742
-0.04151289
-0.8630351
#99
9.915747
0.02280879
-0.5854338
-0.01648051
-0.8102317
#100
10.03168
0.01683748
-0.5945175
-0.01245341
-0.8038099
#101
10.11016
0.007812071
-0.6056125
-0.005945825
-0.7956992
#102
10.20385
0.007291284
-0.6056163
-0.00554945
-0.7957041
#103
10.31747
0.007294916
-0.6050951
-0.005544675
-0.7961005
#104
10.40005
0.01460366
-0.6039763
-0.01106973
-0.7967916
#105
10.50753
0.01878475
-0.6033884
-0.01421968
-0.7970994
#106
10.60001
0.02295808
-0.6033057
-0.01737881
-0.7969901
#107
10.70983
0.0261135
-0.602189
-0.01971368
-0.7976828
#108
10.8153
0.02666188
-0.6011312
-0.02007292
-0.7984533
#109
10.91001
0.04039698
-0.582288
-0.02898806
-0.8114608
#110
11.01619
0.1535439
-0.3396386
-0.05630298
-0.9262288
#111
11.10749
0.1957268
-0.1754379
-0.03561356
-0.9641806
#112
11.2116
0.2011441
-0.1651535
-0.03442719
-0.9649249
#113
11.30124
0.2010334
-0.1846707
-0.03862179
-0.9612443
#114
11.41826
0.2097946
-0.2248464
-0.04964145
-0.9502453
#115
11.51959
0.2215688
-0.2457814
-0.05781726
-0.9418896
#116
11.60673
0.2246499
-0.2455908
-0.05862127
-0.9411595
#117
11.71667
0.2406323
-0.2445578
-0.06279179
-0.9372005
#118
11.80641
0.2443108
-0.2443093
-0.06375168
-0.9362484
#119
11.91677
0.2455361
-0.2442257
-0.06407142
-0.9359277
#120
12.00607
0.2467611
-0.2441416
-0.06439106
-0.9356055
#121
12.11951
0.2520809
-0.237681
-0.06402005
-0.9358763
#122
12.21698
0.2520809
-0.237681
-0.06402005
-0.9358763
#123
12.30082
0.2502613
-0.2463329
-0.06600473
-0.9339876
#124
12.40608
0.2749044
0.1023315
0.02943975
-0.955557
#125
12.50115
0.2487261
0.4386791
0.1277595
-0.8540337
#126
12.60243
0.2149423
0.526449
0.1395855
-0.8106585
#127
12.70764
0.1878667
0.6219199
0.1570813
-0.7438059
#128
12.80523
0.1489841
0.7473095
0.178896
-0.6223572
#129
12.914
0.1461134
0.7454872
0.1738234
-0.626646
#130
13.00622
0.1463968
0.6904877
0.1458234
-0.6932029
#131
13.10443
0.04029643
0.9508905
0.1404155
-0.2728866
#132
13.21816
0.002140559
0.986452
0.1635273
-0.01291257
#133
13.30968
-0.01116894
0.9781035
0.2005536
0.05447112
#134
13.42431
-0.009537515
0.9819074
0.1819859
0.05145977
#135
13.50887
-0.00790911
0.9916378
0.1048817
0.07477919
#136
13.61513
-0.005900917
0.9939954
0.08412349
0.06972469
#137
13.70622
-0.004393712
0.9955804
0.06263677
0.06983587
#138
13.80127
-0.003900773
0.9960973
0.06136036
0.06332345
#139
13.90648
-0.003780248
0.9962198
0.0613679
0.06136689
#140
14.01614
-0.005703547
0.9942963
0.07497983
0.07563388
#141
14.11271
-0.005852451
0.9941476
0.07627748
0.07627676
#142
14.20039
-0.00505338
0.9948918
0.07633459
0.06586224
#143
14.31934
-0.01228485
0.9863102
0.0867248
0.1397141
#144
14.40069
-0.02961626
0.9374854
0.0824317
0.336822
#145
14.50159
-0.05157714
0.8051407
0.07079482
0.5865803
#146
14.60266
-0.05489947
0.7762065
0.06825068
0.6243648
#147
14.71235
-0.02641189
0.9497896
0.08351359
0.3003791
#148
14.80143
0.01282934
0.9870028
0.1037384
-0.1220628
#149
14.90513
0.01276142
0.9870825
0.1037467
-0.1214166
#150
15.01537
0.008337616
0.9913532
0.1041956
-0.07932698
#151
15.11652
0.002539459
0.985555
0.1686855
-0.01483694
#152
15.2018
-0.001179479
0.9797333
0.2002197
0.005771537
#153
15.30703
-0.001441645
0.9797249
0.200218
0.007054389
#154
15.40022
-0.006551298
0.9792258
0.200116
0.03205741
#155
15.50939
-0.008840427
0.9779096
0.2045188
0.04227062
#156
15.61444
-0.01153062
0.9762601
0.209515
0.05372828
#157
15.71233
-0.01160094
0.975985
0.2107928
0.05371314
#158
15.81476
-0.01170638
0.9755692
0.2127087
0.05369025
#159
15.9059
-0.01177665
0.9752899
0.2139856
0.05367488
#160
16.01493
-0.01188202
0.9748679
0.2159001
0.05365166
#161
16.1074
-0.01195224
0.9745845
0.217176
0.05363606
#162
16.21958
-0.01209262
0.9740126
0.2197268
0.05360459
#163
16.31631
-0.05872143
0.9390944
0.2041122
0.2701699
#164
16.41731
-0.02326997
-0.1563932
-0.003685653
0.9874138
#165
16.51598
-0.015452
-0.1796407
-0.002822071
0.9836069
#166
16.61168
-0.01415935
-0.1815749
-0.002614722
0.9832717
#167
16.71194
-0.008434397
-0.1318213
-0.001121662
0.991237
#168
16.81553
-0.02506142
-0.1892502
-0.004831797
0.9815972
#169
16.90333
-0.03637294
-0.2211839
-0.008255469
0.9745187
#170
17.00731
-0.05597989
-0.274125
-0.01598605
0.9599304
#171
17.1054
-0.06123886
-0.2946856
-0.01892743
0.9534422
#172
17.21561
-0.07057212
-0.3211651
-0.02400769
0.9440849
#173
17.30989
-0.0710783
-0.325471
-0.02454379
0.9425572
#174
17.40387
-0.0710783
-0.325471
-0.02454379
0.9425572
#175
17.50995
-0.07167897
-0.3260714
-0.0248037
0.9422974
#176
17.61816
-0.07967572
-0.326465
-0.02762931
0.9414399
#177
17.70116
-0.08940729
-0.329849
-0.03139783
0.9392658
#178
17.80236
-0.09841832
-0.3350467
-0.03521492
0.9363853
#179
17.91101
-0.1013147
-0.3392152
-0.03677578
0.9345138
