#0
0
0
0
0
1
#1
0.3733333
0
0
0
1
#2
0.4521018
0
0
0
1
#3
0.4842797
0
0
0
1
#4
0.5139785
0
0
0
1
#5
0.5466101
0
0
0
1
#6
0.6120283
0
0
0
1
#7
0.7125117
0
0
0
1
#8
0.832904
0
0
0
1
#9
0.914269
0
0
0
1
#10
1.005503
0
0
0
1
#11
1.101006
0
0
0
1
#12
1.208978
0
0
0
1
#13
1.32049
0
0
0
1
#14
1.418452
0
0
0
1
#15
1.504511
0
0
0
1
#16
1.60114
0
0
0
1
#17
1.714109
0
0
0
1
#18
1.816326
0
0
0
1
#19
1.900321
0
0
0
1
#20
2.016976
0
0
0
1
#21
2.109241
0
0
0
1
#22
2.208565
0
0
0
1
#23
2.315919
0
0
0
1
#24
2.412514
0
0
0
1
#25
2.500472
0
0
0
1
#26
2.608675
0
0
0
1
#27
2.72434
0
0
0
1
#28
2.812161
0
0
0
1
#29
2.900672
0
0
0
1
#30
3.000571
0
0
0
1
#31
3.109668
0
0
0
1
#32
3.216182
0
0
0
1
#33
3.300766
0
0
0
1
#34
3.417106
0
0
0
1
#35
3.508557
0
0
0
1
#36
3.63217
0
0
0
1
#37
3.713251
0
0
0
1
#38
3.800083
0
0
0
1
#39
3.902686
0
0
0
1
#40
4.012217
0
0
0
1
#41
4.113101
0
0
0
1
#42
4.206548
0
0
0
1
#43
4.304442
-0.02289551
0.02944045
0.0006745234
0.9993041
#44
4.407052
-0.07293534
0.09060585
0.006653679
0.9931902
#45
4.51791
-0.08141629
0.08599776
0.007051414
0.9929381
#46
4.604594
-0.06574655
-0.09650315
-0.006388586
0.9931383
#47
4.708625
-0.0601068
-0.2100736
-0.01294066
0.9757504
#48
4.804726
-0.0601068
-0.2100736
-0.01294066
0.9757504
#49
4.912646
-0.07026293
-0.2813745
-0.02066285
0.9567991
#50
5.01228
-0.1594157
-0.4709215
-0.08696136
0.8632829
#51
5.117758
-0.1594157
-0.4709215
-0.08696136
0.8632829
#52
5.21522
-0.1542726
-0.471991
-0.08428691
0.8638982
#53
5.309742
-0.02742646
-0.6906999
-0.0262322
0.722145
#54
5.4044
-0.0365417
-0.7310432
-0.03927198
0.6802194
#55
5.517466
-0.0365417
-0.7310432
-0.03927198
0.6802194
#56
5.609762
-0.07199235
-0.7923922
-0.09536383
0.5981952
#57
5.70311
-0.04585408
-0.9108961
-0.1053943
0.3963052
#58
5.804996
-0.04585408
-0.9108961
-0.1053943
0.3963052
#59
5.908088
-0.03743421
-0.9269503
-0.09619978
0.3607041
#60
6.017198
0.0005096755
-0.9994901
0.02289978
0.02224544
#61
6.106903
0.0001948918
-0.9997014
0.02290462
0.008506304
#62
6.207933
0.0001948918
-0.9997014
0.02290462
0.008506304
#63
6.316382
0.01980035
-0.9681933
-0.08130146
-0.2357961
#64
6.406571
0.03040872
-0.9104721
-0.06805924
-0.406797
#65
6.510385
0.03040872
-0.9104721
-0.06805924
-0.406797
#66
6.613122
0.03565485
-0.8757485
-0.06546359
-0.4769779
#67
6.70858
0.05425531
-0.7668941
-0.06540894
-0.6361222
#68
6.816746
0.08208964
-0.7910453
-0.1088872
-0.5963658
#69
6.908713
0.08558316
-0.8181263
-0.1262871
-0.5544336
#70
7.006636
0.08450587
-0.8298365
-0.1308765
-0.5358186
#71
7.119297
0.08697537
-0.8366535
-0.1392573
-0.5225453
#72
7.213542
0.08936848
-0.8360068
-0.143089
-0.5221413
#73
7.318826
0.09263625
-0.834466
-0.1478898
-0.5226986
#74
7.407979
0.09297834
-0.8343689
-0.148436
-0.5226378
#75
7.516516
0.09297834
-0.8343689
-0.148436
-0.5226378
#76
7.612025
0.09297834
-0.8343689
-0.148436
-0.5226378
#77
7.718248
0.09297834
-0.8343689
-0.148436
-0.5226378
#78
7.804558
0.09297834
-0.8343689
-0.148436
-0.5226378
#79
7.916865
0.09297834
-0.8343689
-0.148436
-0.5226378
#80
8.022357
0.09297834
-0.8343689
-0.148436
-0.5226378
#81
8.112569
0.09297834
-0.8343689
-0.148436
-0.5226378
#82
8.216567
0.0975705
-0.8376421
-0.1592207
-0.5133075
#83
8.304804
0.1022762
-0.8370429
-0.1676375
-0.5106823
#84
8.41209
0.1098338
-0.8347576
-0.1802904
-0.5085387
#85
8.504209
0.1149444
-0.8326152
-0.1884016
-0.5079809
#86
8.616059
0.1172705
-0.8317433
-0.1922143
-0.507449
#87
8.713012
0.1195941
-0.8308539
-0.1960229
-0.5069064
#88
8.800565
0.1215838
-0.8300778
-0.1992841
-0.5064328
#89
8.932675
0.1258126
-0.8292074
-0.207129
-0.5036704
#90
9.020328
0.1294355
-0.8276947
-0.2130935
-0.5027516
#91
9.117464
0.1311255
-0.8275082
-0.216514
-0.5011567
#92
9.232223
0.1330926
-0.8266515
-0.2197619
-0.5006379
#93
9.303484
0.1334202
-0.8265075
-0.2203029
-0.5005507
#94
9.400054
0.191677
-0.6578708
-0.1785855
-0.7060972
#95
9.516467
0.2239165
-0.473874
-0.1259775
-0.8422794
#96
9.616993
0.1438924
-0.1936139
-0.02871993
-0.9700432
#97
9.701489
0.1438924
-0.1936139
-0.02871993
-0.9700432
#98
9.810184
0.145124
-0.1948454
-0.02916332
-0.9695998
#99
9.900541
0.147322
0.09629308
0.01441259
-0.9842846
#100
10.01661
0.1548657
0.2241865
0.03610956
-0.9614849
#101
10.11698
0.16255
0.3209231
0.05601007
-0.9313693
#102
10.21276
0.169858
0.3003836
0.05445359
-0.9369913
#103
10.3233
0.1824998
0.1746457
0.0329602
-0.967009
#104
10.40982
0.1878208
0.1668781
0.03240005
-0.9673806
#105
10.52071
0.1985946
0.1247034
0.02548455
-0.9717818
#106
10.60961
0.2025749
0.1182443
0.02464869
-0.9717892
#107
10.70491
0.2065958
0.1098808
0.0233559
-0.9719563
#108
10.81293
0.2079881
0.1047608
0.02241097
-0.9722469
#109
10.91671
0.2111835
0.1040508
0.02261542
-0.9716293
#110
11.00524
0.2188836
0.100695
0.02271569
-0.9702755
#111
11.10255
0.2272514
0.09542639
0.02238207
-0.9688909
#112
11.23255
0.2343242
0.09083024
0.02199513
-0.9676561
#113
11.30875
0.2362382
0.09015365
0.02201878
-0.9672533
#114
11.42531
0.2381514
0.08947749
0.0220399
-0.9668464
#115
11.51178
0.2394168
0.08944857
0.022157
-0.9665338
#116
11.60483
0.2261625
0.3423981
0.08529014
-0.9079316
#117
11.71266
0.1661024
0.6700633
0.1576248
-0.7061017
#118
11.81941
0.1461815
0.7466004
0.1745982
-0.6250876
#119
11.90877
0.1461815
0.7466004
0.1745982
-0.6250876
#120
12.00133
0.145239
0.7388318
0.1687063
-0.6360592
#121
12.12119
0.01910808
0.9727588
0.2140975
-0.08681815
#122
12.20428
0.01181187
0.9751497
0.2146237
-0.05366761
#123
12.30168
0.01181187
0.9751497
0.2146237
-0.05366761
#124
12.41734
0.01065434
0.9743426
0.2198011
-0.04722895
#125
12.52046
0.008160473
0.9750948
0.2186298
-0.03639593
#126
12.60122
0.004170373
0.9769964
0.21235
-0.01918737
#127
12.70144
0.002641408
0.9771093
0.2123746
-0.01215279
#128
12.80893
0.001247486
0.9773067
0.2117477
-0.005757684
#129
12.90088
0.0008316928
0.9773161
0.2117497
-0.00383862
#130
13.01894
-2.540363E-09
0.9770456
0.2130305
1.165115E-08
#131
13.11321
-0.001005473
0.9756202
0.2194183
0.00447073
#132
13.20386
-0.001303956
0.9751807
0.221332
0.005745183
#133
13.31317
-0.001808789
0.9730986
0.2302551
0.007644263
#134
13.4151
-0.001838794
0.9721869
0.2340746
0.007637101
#135
13.51614
-0.001868771
0.9712602
0.2378906
0.007629821
#136
13.60501
-0.001883748
0.9707912
0.2397972
0.007626137
#137
13.70404
-0.04492129
0.9547009
0.2212879
0.1938036
#138
13.81605
-0.129046
0.7507062
0.1539273
0.6293598
#139
13.91191
-0.1308505
0.7432396
0.1523963
0.6381602
#140
14.01186
-0.1308505
0.7432396
0.1523963
0.6381602
#141
14.11243
-0.1250644
0.7275757
0.1378058
0.6603046
#142
14.20474
-0.1242199
0.2560437
0.0331975
0.9580757
#143
14.3193
-0.1321706
0.2041031
0.02782259
0.969587
#144
14.40496
-0.1338674
0.2110211
0.02918778
0.9678315
#145
14.52051
-0.1685854
0.3956614
0.07413542
0.8997416
#146
14.61317
-0.1936559
-0.08847684
-0.01753896
0.9769143
#147
14.70538
-0.1890736
-0.2008546
-0.03954266
0.960388
#148
14.82237
-0.1550038
-0.3725088
-0.06325599
0.9128032
#149
14.92791
-0.1246039
-0.5223531
-0.07748383
0.8400103
#150
15.01235
-0.137129
-0.5167876
-0.08428001
0.8408467
#151
15.12432
-0.1983394
-0.6205626
-0.1662793
0.7402126
#152
15.20472
-0.1756806
-0.6903452
-0.1786961
0.6786955
#153
15.31635
-0.1789372
-0.6874157
-0.1808211
0.6802536
#154
15.4014
-0.186393
-0.6508493
-0.169382
0.7162141
#155
15.50425
-0.1563284
-0.6765931
-0.1503069
0.7036982
#156
15.60252
-0.1011122
-0.7789513
-0.1301771
0.6050332
#157
15.71277
-0.07631417
-0.8422188
-0.1238049
0.5191493
#158
15.81392
-0.04337253
-0.9313888
-0.1182812
0.3415309
#159
15.90729
-0.03119303
-0.9631217
-0.1280802
0.2345614
#160
16.02005
-0.0193351
-0.9803557
-0.1506723
0.1258046
#161
16.11217
-0.01914222
-0.9803436
-0.1539561
0.1218916
#162
16.21673
-0.03287414
-0.9664543
-0.1608622
0.1975067
#163
16.30602
-0.04851821
-0.9491214
-0.1829868
0.2516557
#164
16.40411
-0.05824298
-0.9367474
-0.1888815
0.2888529
#165
16.51068
-0.05843202
-0.9366236
-0.1894946
0.2888147
#166
16.60439
-0.05650213
-0.9396545
-0.190748
0.2783383
#167
16.71299
-0.05637102
-0.9407483
-0.1954619
0.2713109
#168
16.80132
-0.05580358
-0.9426128
-0.2029393
0.2591965
#169
16.90146
-0.05583994
-0.9426492
-0.2035928
0.2585429
#170
17.0032
-0.05583994
-0.9426492
-0.2035928
0.2585429
#171
17.13406
-0.05611188
-0.9426185
-0.2061706
0.2565454
#172
17.20111
-0.05684404
-0.9421365
-0.2099452
0.2550896
#173
17.30053
-0.05939005
-0.9400746
-0.2204926
0.2532106
#174
17.41334
-0.06021837
-0.939348
-0.2235678
0.253015
#175
17.51718
-0.06038395
-0.9392015
-0.2241826
0.2529755
#176
17.60357
-0.06054951
-0.9390545
-0.2247972
0.2529359
#177
17.70715
-0.06074933
-0.9389414
-0.2267204
0.2515877
#178
17.81073
-0.001386124
-0.9718928
-0.2353503
0.005724083
#179
17.90466
0.1315558
-0.8184842
-0.2072985
-0.5194265
#180
18.00838
0.1425921
-0.7900469
-0.2006465
-0.5614574
#181
18.11875
0.1425921
-0.7900469
-0.2006465
-0.5614574
#182
18.20224
0.1371392
-0.7954997
-0.1959458
-0.5567569
#183
18.30862
0.183793
-0.5628451
-0.1300725
-0.7953029
#184
18.40132
0.1811112
-0.5474092
-0.1227368
-0.8077609
#185
18.50083
0.1862425
-0.5120168
-0.1148013
-0.8306463
#186
18.6135
0.2127705
-0.2271682
-0.05093428
-0.9489621
#187
18.70177
0.2170748
0.1216636
0.02727867
-0.9681593
#188
18.81206
0.2350204
0.18007
0.04435446
-0.9541346
#189
18.92478
0.2806864
0.2440428
0.07402962
-0.9252988
#190
19.01658
0.2352145
0.5714886
0.1754036
-0.7663606
#191
19.10631
0.174454
0.6642165
0.1636084
-0.7082476
#192
19.22082
0.1739904
0.6643234
0.1631736
-0.7083616
#193
19.30927
0.1774031
0.607914
0.1417458
-0.7608396
#194
19.41366
0.1849261
0.5493968
0.1262073
-0.8050076
#195
19.52456
0.184164
0.5339625
0.1204562
-0.8163688
#196
19.61257
0.182326
0.5358
0.1197656
-0.8156788
#197
19.7019
0.176818
0.5449421
0.1188167
-0.81096
#198
19.81278
0.176818
0.5449421
0.1188167
-0.81096
#199
19.91793
0.176818
0.5449421
0.1188167
-0.81096
#200
20.01242
0.176818
0.5449421
0.1188167
-0.81096
#201
20.10006
0.176818
0.5449421
0.1188167
-0.81096
#202
20.22857
0.1800013
0.5444713
0.1209557
-0.8102594
#203
20.30919
0.1821219
0.5441527
0.1223808
-0.8097854
#204
20.40357
0.1832623
0.5434623
0.1229731
-0.809902
#205
20.51263
0.1832623
0.5434623
0.1229731
-0.809902
