#0
0
0
0
0
1
#1
0.3733333
0
0
0
1
#2
0.4214176
0
0
0
1
#3
0.4494438
0
0
0
1
#4
0.466105
0
0
0
1
#5
0.5080256
0
0
0
1
#6
0.6110596
0
0
0
1
#7
0.7187881
0
0
0
1
#8
0.8008037
0
-0.0006544985
0
0.9999998
#9
0.9228138
0.04560947
-0.09075452
0.00416082
0.9948196
#10
1.008642
0.01713816
-0.243577
0.004304808
0.9697206
#11
1.121596
-0.03922083
-0.3075103
-0.01268689
0.9506515
#12
1.203914
-0.04902588
-0.3160541
-0.01635627
0.9473325
#13
1.30284
-0.04902588
-0.3160541
-0.01635627
0.9473325
#14
1.417503
-0.04902588
-0.3160541
-0.01635627
0.9473325
#15
1.516381
-0.05149457
-0.31663
-0.01721735
0.9469939
#16
1.609487
-0.05393807
-0.3184424
-0.01815217
0.9462324
#17
1.707574
-0.06260116
-0.3447334
-0.02304825
0.9363273
#18
1.801018
-0.06601843
-0.3544236
-0.02509454
0.9324139
#19
1.907033
-0.06601843
-0.3544236
-0.02509454
0.9324139
#20
2.001105
-0.06601843
-0.3544236
-0.02509454
0.9324139
#21
2.114484
-0.05964381
-0.4094425
-0.02683628
0.9099886
#22
2.214985
-0.03774877
-0.5479165
-0.02476096
0.835314
#23
2.314939
-0.02894918
-0.5937362
-0.0213822
0.8038545
#24
2.401646
-0.02621628
-0.5980043
-0.01957663
0.8008248
#25
2.507612
-0.0341932
-0.5941094
-0.02529009
0.8032592
#26
2.60605
-0.03429225
-0.5909504
-0.02515562
0.8055861
#27
2.706748
-0.03429225
-0.5909504
-0.02515562
0.8055861
#28
2.810093
-0.03892417
-0.5939501
-0.02878923
0.8030439
#29
2.903806
-0.04612339
-0.5973324
-0.03444197
0.7999252
#30
3.003282
-0.04926433
-0.5971926
-0.03678741
0.7997379
#31
3.109134
-0.0576062
-0.6245517
-0.04627519
0.7774802
#32
3.204822
-0.06276213
-0.6383026
-0.05233783
0.7654355
#33
3.317248
-0.06005913
-0.6414722
-0.05048495
0.7631236
#34
3.418087
-0.05767331
-0.6622723
-0.05124976
0.7452802
#35
3.507182
-0.05757257
-0.6637344
-0.0513629
0.7439785
#36
3.603042
-0.0593396
-0.7132553
-0.06083406
0.6957333
#37
3.707698
-0.05355987
-0.7949502
-0.07094742
0.6001266
#38
3.822601
-0.04246989
-0.8229002
-0.06205472
0.5631881
#39
3.906877
-0.04246989
-0.8229002
-0.06205472
0.5631881
#40
4.011418
-0.04230236
-0.8210931
-0.06137802
0.5659058
#41
4.112519
-0.0411853
-0.8373192
-0.06369323
0.5414273
#42
4.212207
-0.02739516
-0.9398725
-0.07768447
0.3314427
#43
4.309152
-0.0260693
-0.9453763
-0.07813939
0.3154017
#44
4.407317
-0.01472145
-0.9801372
-0.07972089
0.1809945
#45
4.503393
-0.006201899
-0.9937876
-0.08083117
0.07624992
#46
4.613811
0.002016027
-0.9964003
-0.08104368
-0.02478626
#47
4.727907
0.005010832
-0.994756
-0.08222082
-0.060624
#48
4.817021
0.009821574
-0.9900928
-0.09228387
-0.1053734
#49
4.911336
0.02096892
-0.9646978
-0.08100794
-0.2497122
#50
5.011884
0.02299622
-0.9468759
-0.06953422
-0.313149
#51
5.115993
0.02299622
-0.9468759
-0.06953422
-0.313149
#52
5.208372
0.02249689
-0.9473752
-0.06832422
-0.3119391
#53
5.307452
0.01754396
-0.954826
-0.05756335
-0.2910087
#54
5.41065
0.02835172
-0.9166685
-0.06610967
-0.3931215
#55
5.509018
0.03963642
-0.8736427
-0.0722103
-0.4795447
#56
5.614243
0.04683771
-0.8488742
-0.07632006
-0.5209551
#57
5.702565
0.06077016
-0.8164808
-0.0874368
-0.5674689
#58
5.816044
0.09005079
-0.7239381
-0.09627249
-0.6771529
#59
5.911481
0.1313914
-0.6353539
-0.110887
-0.7528386
#60
6.02262
0.1390005
-0.595322
-0.1055071
-0.784308
#61
6.124512
0.1524598
-0.5472037
-0.1021593
-0.816632
#62
6.224132
0.1885389
-0.4397636
-0.09497984
-0.872949
#63
6.32384
0.2207005
-0.3375876
-0.08174901
-0.9113963
#64
6.417078
0.2240467
-0.2816103
-0.06780364
-0.9305382
#65
6.512134
0.2260255
-0.2109724
-0.05021209
-0.9496747
#66
6.61679
0.2224534
-0.2198351
-0.05156187
-0.9484347
#67
6.714283
0.2192127
-0.2336105
-0.05414803
-0.9457483
#68
6.805258
0.2192127
-0.2336105
-0.05414803
-0.9457483
#69
6.905506
0.2192127
-0.2336105
-0.05414803
-0.9457483
#70
7.004503
0.2192127
-0.2336105
-0.05414803
-0.9457483
#71
7.116576
0.2192127
-0.2336105
-0.05414803
-0.9457483
#72
7.206778
0.2222344
-0.2346691
-0.05520321
-0.9447195
#73
7.321941
0.2222344
-0.2346691
-0.05520321
-0.9447195
#74
7.409539
0.2222344
-0.2346691
-0.05520321
-0.9447195
#75
7.501939
0.2222344
-0.2346691
-0.05520321
-0.9447195
#76
7.645145
0.2196167
-0.2372866
-0.05516377
-0.9446801
#77
7.703955
0.2220891
-0.2371414
-0.05578479
-0.9441019
#78
7.809445
0.2266704
-0.2325598
-0.05583268
-0.94415
#79
7.93361
0.2432722
-0.1478595
-0.03755154
-0.9578863
#80
8.023468
0.2527424
0.05316145
0.01390947
-0.9659719
#81
8.108218
0.2438977
0.1309122
0.03324746
-0.9603492
#82
8.212658
0.2098063
0.3026119
0.06847409
-0.9272102
#83
8.306631
0.1931067
0.3888395
0.08371497
-0.8969423
#84
8.402594
0.1818744
0.4331001
0.08969075
-0.8782378
#85
8.528738
0.1619322
0.5349207
0.1053109
-0.822525
#86
8.626219
0.1482105
0.6010348
0.1146536
-0.7769462
#87
8.704044
0.1406241
0.6406246
0.1209026
-0.7451226
#88
8.817546
0.1109936
0.7463987
0.1287578
-0.6434212
#89
8.912005
0.09528201
0.8134087
0.1392212
-0.5566912
#90
9.008036
0.07668227
0.8755807
0.1480935
-0.4533726
#91
9.120541
0.06756169
0.9037288
0.1552891
-0.3931857
#92
9.210879
0.06756169
0.9037288
0.1552891
-0.3931857
#93
9.305745
0.06756169
0.9037288
0.1552891
-0.3931857
#94
9.40408
0.06524897
0.9003376
0.1450167
-0.4050987
#95
9.515993
0.04648693
0.9430706
0.1493678
-0.2935067
#96
9.611586
0.03242427
0.9662394
0.1530374
-0.2047187
#97
9.711113
0.005527517
0.9870716
0.1563369
-0.03489935
#98
9.808474
-0.003481008
0.9874438
0.1563958
0.02197821
#99
9.907331
-0.003788027
0.9873987
0.1563887
0.02391665
#100
10.01798
0.009166529
0.9831922
0.174912
-0.05152567
#101
10.13078
0.01057885
0.9826425
0.1754778
-0.05923954
#102
10.20491
0.01223093
0.9819435
0.1760162
-0.0682328
#103
10.30818
0.01372813
0.9813274
0.1759058
-0.07658527
#104
10.40891
0.0138433
0.981277
0.1758968
-0.07722773
#105
10.50469
0.01655702
0.9793668
0.1801893
-0.08999088
#106
10.61157
0.01673421
0.9791896
0.1808194
-0.09062064
#107
10.70747
0.01714989
0.9788912
0.1814269
-0.09253249
#108
10.80478
0.01714989
0.9788912
0.1814269
-0.09253249
#109
10.90657
0.01714989
0.9788912
0.1814269
-0.09253249
#110
11.00382
0.01714989
0.9788912
0.1814269
-0.09253249
#111
11.11974
0.01774145
0.9771171
0.1917029
-0.09042885
#112
11.215
0.01791897
0.9767389
0.1936211
-0.09039384
#113
11.31311
0.0188791
0.9748644
0.2025504
-0.09086412
#114
11.41104
0.01785268
0.974983
0.2045729
-0.08508491
#115
11.52326
-0.02096772
0.9773362
0.1751904
0.1169728
#116
11.61711
-0.04187459
0.9505648
0.1473677
0.2701033
#117
11.71298
-0.05559313
0.906862
0.1266444
0.3980854
#118
11.82459
-0.05942721
0.8934329
0.1241729
0.4275829
#119
11.90478
-0.06102225
0.893218
0.1277204
0.4267616
#120
12.00688
-0.06605033
0.8953315
0.1418067
0.4170249
#121
12.11075
-0.06908236
0.8961625
0.1503683
0.4117158
#122
12.20193
-0.07157099
0.8956966
0.1563242
0.4100828
#123
12.31372
-0.07344902
0.894971
0.1604262
0.4097506
#124
12.40571
-0.07871833
0.8919457
0.170753
0.4111933
#125
12.51973
-0.08443175
0.8868583
0.1794263
0.4173246
#126
12.61435
-0.08655305
0.8834782
0.1805488
0.4235293
#127
12.7243
-0.0960075
0.7504178
0.1118161
0.6443235
#128
12.80849
-0.1154992
0.614365
0.09154353
0.7751358
#129
12.91623
-0.1126085
0.3834185
0.04716286
0.9154699
#130
13.01366
-0.1236371
0.2723093
0.03530644
0.9535801
#131
13.10128
-0.1236371
0.2723093
0.03530644
0.9535801
#132
13.21131
-0.1242612
0.2722861
0.03548466
0.953499
#133
13.31631
-0.1501147
0.1514233
0.02327249
0.9767267
#134
13.40993
-0.1755433
0.05280763
0.009430256
0.9830092
#135
13.50258
-0.1770011
0.03027013
0.005446462
0.98373
#136
13.60676
-0.1878271
-0.04498181
-0.008611264
0.9811338
#137
13.71285
-0.1880045
-0.140244
-0.02713371
0.9717251
#138
13.82004
-0.1555971
-0.3890418
-0.06684969
0.9055204
#139
13.91864
-0.1473747
-0.5020728
-0.08728725
0.8476936
#140
14.0121
-0.148263
-0.5381897
-0.09683573
0.8240102
#141
14.10937
-0.1508508
-0.5966573
-0.1154383
0.779691
#142
14.21087
-0.1460149
-0.6922985
-0.1462058
0.6913945
#143
14.30733
-0.1270586
-0.7854184
-0.1717876
0.5809157
#144
14.40453
-0.1148023
-0.8265207
-0.1824788
0.5199862
#145
14.50605
-0.1129318
-0.8301454
-0.1821398
0.5147136
#146
14.61261
-0.09444945
-0.8038654
-0.1327189
0.5720711
#147
14.7163
-0.09444945
-0.8038654
-0.1327189
0.5720711
#148
14.80013
-0.09418866
-0.8049872
-0.1329041
0.5704916
#149
14.91391
-0.09429985
-0.8060187
-0.1336164
0.5688482
#150
15.0041
-0.0929221
-0.7995648
-0.1282486
0.579322
#151
15.10852
-0.09168236
-0.7969342
-0.125153
0.5838038
#152
15.20245
-0.09168236
-0.7969342
-0.125153
0.5838038
#153
15.31477
-0.09321044
-0.7966039
-0.127239
0.5835618
#154
15.40922
-0.09482253
-0.795886
-0.129262
0.5838369
#155
15.50546
-0.0965226
-0.79478
-0.1312189
0.5846279
#156
15.61246
-0.1012661
-0.7915151
-0.1365408
0.5870312
#157
15.70551
-0.1074961
-0.7882143
-0.1439537
0.5885917
#158
15.80639
-0.1101916
-0.7875465
-0.1475633
0.588093
#159
15.91241
-0.1125877
-0.7880144
-0.1513913
0.5860358
#160
16.02065
-0.0650491
-0.894694
-0.138706
0.4195855
#161
16.12408
-0.009712893
-0.9898536
-0.1138737
0.08442986
#162
16.20502
0.01259172
-0.9861717
-0.08931504
-0.1390314
#163
16.30799
0.01363255
-0.9841403
-0.08718319
-0.1538868
#164
16.4086
0.01363255
-0.9841403
-0.08718319
-0.1538868
#165
16.50683
0.0110546
-0.9869725
-0.07767665
-0.1404616
#166
16.6167
0.04158007
-0.9331823
-0.1147873
-0.3380322
#167
16.71661
0.05150522
-0.9061936
-0.1156844
-0.403457
#168
16.81384
0.07546797
-0.87437
-0.1443593
-0.457102
#169
16.90458
0.08628608
-0.8530352
-0.1494541
-0.4924928
#170
17.01675
0.1031854
-0.7910696
-0.1391312
-0.5866892
#171
17.11793
0.1151449
-0.7357842
-0.1294078
-0.6546884
#172
17.20803
0.1294849
-0.6480774
-0.1131078
-0.7419138
#173
17.3098
0.1349273
-0.6069073
-0.1055132
-0.7760962
#174
17.40998
0.1360285
-0.5830131
-0.09978731
-0.7947544
#175
17.5157
0.1475353
-0.4720776
-0.08048183
-0.8653893
#176
17.60715
0.1555594
-0.3730694
-0.06360248
-0.9124556
#177
17.71104
0.1608226
-0.2861612
-0.048786
-0.943328
#178
17.81229
0.1649445
-0.2779361
-0.04850768
-0.9450883
#179
17.90986
0.1649445
-0.2779361
-0.04850768
-0.9450883
#180
18.00754
0.1655631
-0.2779043
-0.04868959
-0.9449801
#181
18.10034
0.1662453
-0.2766367
-0.04865414
-0.9452341
#182
18.20866
0.1628094
-0.2712497
-0.0466093
-0.9474937
#183
18.31423
0.1533836
-0.2605209
-0.04196197
-0.9522823
#184
18.40091
0.1485011
-0.2582421
-0.04020884
-0.9537514
#185
18.50855
0.1441555
-0.2577991
-0.03893099
-0.9545906
#186
18.6102
0.1429058
-0.2578498
-0.03859349
-0.9547785
#187
18.72136
0.1410308
-0.2579251
-0.03808712
-0.9550573
#188
18.82851
0.1386032
-0.2561474
-0.03713965
-0.955928
#189
18.90761
0.1393259
-0.2536209
-0.03694282
-0.956504
#190
19.02261
0.1419032
-0.2516453
-0.03732811
-0.956632
#191
19.13172
0.143806
-0.2509458
-0.03772807
-0.9565159
#192
19.20479
0.144432
-0.2509211
-0.03789231
-0.9564216
#193
19.30891
0.1444567
-0.2502962
-0.03779794
-0.9565853
#194
19.40263
0.1488886
-0.2488694
-0.0387495
-0.9562399
#195
19.50917
0.1526426
-0.2487153
-0.03972651
-0.9556478
