#0
0
0
0
0
1
#1
0.3733333
-0.2122772
0.03197259
0.006949236
0.9766616
#2
0.4019438
-0.2192679
0.03638883
0.008183896
0.9749515
#3
0.4223177
-0.2167251
0.03513314
0.007804915
0.9755691
#4
0.4411379
-0.2097009
0.0345489
0.007414528
0.9771269
#5
0.5154581
-0.2000474
0.04102769
0.008384471
0.978891
#6
0.616774
-0.1987256
0.04552417
0.009241313
0.9789537
#7
0.7026656
-0.09475916
0.003909313
0.0003721206
0.9954925
#8
0.8033653
-0.06147298
-0.0189434
-0.001166925
0.9979283
#9
0.9048205
-0.2160653
-0.3621483
-0.08669347
0.9025789
#10
1.013788
-0.2436045
-0.4245528
-0.1197363
0.8637564
#11
1.115662
-0.2913626
-0.446504
-0.1564728
0.8314195
#12
1.201619
-0.3312631
-0.4162452
-0.166065
0.8303175
#13
1.30323
-0.3537554
-0.3491739
-0.1443649
0.8556246
#14
1.404682
-0.2681104
-0.1635818
-0.04625044
0.9482715
#15
1.505694
-0.2080916
-0.1466074
-0.03156376
0.9665443
#16
1.614976
-0.1577783
-0.1747943
-0.02838879
0.9714665
#17
1.700632
-0.1259667
-0.2213781
-0.02885023
0.9665877
#18
1.803359
-0.1356862
-0.4291008
-0.06537425
0.8906111
#19
1.915875
-0.1356633
-0.5691257
-0.0958773
0.8052944
#20
2.013736
-0.1064081
-0.6744313
-0.09914038
0.7238721
#21
2.115375
-0.07205798
-0.7623092
-0.08618037
0.6373895
#22
2.200158
-0.07205798
-0.7623092
-0.08618037
0.6373895
#23
2.301714
-0.07049817
-0.7184519
-0.07361118
0.6880686
#24
2.404249
-0.06274967
-0.8752149
-0.1181393
0.4648703
#25
2.505482
-0.0386528
-0.9473433
-0.125351
0.2921196
#26
2.606055
-0.01601462
-0.9839434
-0.1301938
0.1210309
#27
2.708512
-8.582733E-05
-0.991359
-0.131175
0.0006486424
#28
2.810824
0.01795036
-0.9819878
-0.1384463
-0.1273203
#29
2.913064
0.03718006
-0.9549347
-0.1359073
-0.2612407
#30
3.015316
0.04419036
-0.9348995
-0.1255727
-0.329001
#31
3.100311
0.04419036
-0.9348995
-0.1255727
-0.329001
#32
3.204015
0.0344486
-0.9532397
-0.1191547
-0.2755894
#33
3.305527
0.04201521
-0.9336151
-0.1167016
-0.3361225
#34
3.406506
0.0530581
-0.8895833
-0.1070607
-0.4408676
#35
3.507508
0.05892898
-0.8636932
-0.1039449
-0.4896497
#36
3.608929
0.06646315
-0.8148403
-0.09536131
-0.5679122
#37
3.711038
0.0689097
-0.7847547
-0.08871787
-0.6095414
#38
3.812844
0.07580568
-0.648667
-0.0651744
-0.7544779
#39
3.913885
0.08571433
-0.5120859
-0.0514515
-0.8530966
#40
4.015834
0.08438294
-0.4863304
-0.04725668
-0.8684061
#41
4.10028
0.08438294
-0.4863304
-0.04725668
-0.8684061
#42
4.20192
0.08136068
-0.4898899
-0.04598477
-0.8667605
#43
4.304139
0.09377795
-0.4503118
-0.04762769
-0.8866547
#44
4.405056
0.1225324
-0.315054
-0.04105818
-0.9402345
#45
4.510622
0.1288327
-0.2307567
-0.03084076
-0.9639515
#46
4.612588
0.1299344
-0.1672319
-0.02223924
-0.977065
#47
4.71394
0.1312709
-0.0907025
-0.01206202
-0.9871147
#48
4.802238
0.1316565
0.04993582
0.006640688
-0.9900146
#49
4.904797
0.1090928
0.1516227
0.01683976
-0.9822554
#50
5.006811
0.1086896
0.1368296
0.01510614
-0.9844979
#51
5.107292
0.1086896
0.1368296
0.01510614
-0.9844979
#52
5.208754
0.1117852
0.1445046
0.01643229
-0.9830323
#53
5.311005
0.1265422
0.2232567
0.02924367
-0.9660685
#54
5.412114
0.1274257
0.3154498
0.04279065
-0.9393738
#55
5.51403
0.1236411
0.3887762
0.05273735
-0.9114739
#56
5.616323
0.1117161
0.5510669
0.07475203
-0.8235636
#57
5.700979
0.09119578
0.6554419
0.08018786
-0.7454188
#58
5.802516
0.07151732
0.7043912
0.07170471
-0.7025503
#59
5.903838
0.07375493
0.6767883
0.06844731
-0.7292686
#60
6.006884
0.09493889
0.5972036
0.07147652
-0.7932374
#61
6.111553
0.1587031
0.4986714
0.09343643
-0.8470005
#62
6.214412
0.2688485
0.4214017
0.1323622
-0.8559331
#63
6.300068
0.2958988
0.4056315
0.1406607
-0.8533004
#64
6.403805
0.316566
0.3891502
0.1444338
-0.8529285
#65
6.505151
0.3178717
0.3878444
0.1445271
-0.8530218
#66
6.606094
0.2321728
0.4656165
0.1280336
-0.8443367
#67
6.70744
0.1176725
0.4864038
0.06630476
-0.8632313
#68
6.809419
0.06096171
0.4424339
0.03016213
-0.8942182
#69
6.912515
0.06011658
0.4324952
0.02891586
-0.899165
#70
7.013623
0.5048187
0.3529091
0.2371451
-0.7512494
#71
7.114788
0.5882699
0.3231326
0.2763474
-0.6878633
#72
7.216248
0.5985577
0.3189362
0.2811802
-0.6789302
#73
7.300744
0.602125
0.3225034
0.28962
-0.6704903
#74
7.404274
0.5906118
0.356528
0.3256976
-0.6465189
#75
7.507363
0.3617837
0.6155396
0.3777577
-0.5895106
#76
7.611627
0.1923228
0.7848617
0.2965748
-0.5089671
#77
7.71383
0.1492101
0.8304086
0.2656164
-0.4664823
#78
7.817021
0.2136668
0.7741234
0.3361971
-0.4919867
#79
7.901784
0.2534917
0.740397
0.3815342
-0.4919206
#80
8.002771
0.2707157
0.726453
0.4074583
-0.4826561
#81
8.1098
0.2859226
0.7134758
0.4346536
-0.4693366
#82
8.214636
0.2890552
0.7106825
0.441931
-0.4648382
#83
8.312649
0.2894312
0.7104651
0.4463224
-0.4607224
#84
8.413758
0.2894312
0.7104651
0.4463224
-0.4607224
#85
8.51662
0.2894401
0.7104743
0.4469769
-0.4600679
#86
8.601633
0.2894401
0.7104743
0.4469769
-0.4600679
#87
8.703655
0.2283416
0.7707812
0.3991087
-0.4409862
#88
8.805547
0.170739
0.8201854
0.3129935
-0.4474139
#89
8.906429
0.1670319
0.8224305
0.3052467
-0.4500365
#90
9.007401
0.1667374
0.8226301
0.3047084
-0.4501457
#91
9.107896
0.1667374
0.8226301
0.3047084
-0.4501457
#92
9.213514
0.1661673
0.8250191
0.3098991
-0.4423738
#93
9.3166
0.1640942
0.828345
0.3123863
-0.4351236
#94
9.40362
0.1628144
0.8304828
0.3144348
-0.430024
#95
9.504547
0.1628144
0.8304828
0.3144348
-0.430024
#96
9.605574
0.1602689
0.8337634
0.3150531
-0.424139
#97
9.710361
0.0970886
0.9022397
0.2782119
-0.3148578
#98
9.811728
0.0004746428
0.9926708
0.1207858
-0.003900823
#99
9.901011
-0.006441041
0.9934029
0.07164385
0.0893105
#100
10.00207
-0.006414696
0.9934817
0.07295689
0.08735136
#101
10.10421
-0.003280572
0.9964262
0.07055091
0.04633317
#102
10.2054
-0.005049093
0.9947947
0.08025786
0.0625834
#103
10.30597
-0.005472513
0.9943596
0.08349885
0.06517032
#104
10.40634
-0.01405181
0.984401
0.1486571
0.09305049
#105
10.51195
-0.01520621
0.9831355
0.1543946
0.09682831
#106
10.61811
-0.01530729
0.9830719
0.1543846
0.09747195
#107
10.70302
-0.02265677
0.9772884
0.1541318
0.1436575
#108
10.80659
-0.04799014
0.9149971
0.1143745
0.3839214
#109
10.90067
-0.06037613
0.748258
0.06875539
0.6570674
#110
11.00601
-0.04469899
0.6062434
0.03415973
0.7932869
#111
11.10716
-0.04310429
0.7117506
0.04384439
0.6997362
#112
11.20842
-0.07410268
0.8487729
0.1236336
0.5087317
#113
11.30957
-0.0791249
0.8881437
0.1670141
0.4207687
#114
11.41308
-0.08065227
0.8889009
0.1719801
0.4168613
#115
11.50235
-0.08119786
0.888675
0.1731435
0.4167554
#116
11.60444
-0.08672442
0.8808754
0.1776158
0.4301047
#117
11.70616
-0.08752126
0.8800786
0.1786543
0.4311431
#118
11.80773
-0.08752126
0.8800786
0.1786543
0.4311431
#119
11.90883
-0.08752126
0.8800786
0.1786543
0.4311431
#120
12.01067
-0.08775511
0.8795133
0.1785396
0.4322951
#121
12.11187
-0.09008067
0.8749937
0.178815
0.4407909
#122
12.21293
-0.1480486
0.8127916
0.2349847
0.5120874
#123
12.31716
-0.1664895
0.7896882
0.2446383
0.5374252
#124
12.40269
-0.1904934
0.7547413
0.249607
0.5759984
#125
12.50375
-0.2319879
0.7108725
0.2723449
0.6055331
#126
12.6055
-0.2514634
0.6896395
0.2803843
0.6185049
#127
12.70652
-0.2729555
0.6392545
0.2603872
0.67011
#128
12.81174
-0.290158
0.5954391
0.2439041
0.7083582
#129
12.91413
-0.2850507
0.5971797
0.2396109
0.7104289
#130
13.01665
-0.2806997
0.6027603
0.2391063
0.7076129
#131
13.10222
-0.2757133
0.6126043
0.241157
0.7003868
#132
13.20283
-0.2733553
0.6182456
0.2429105
0.6957326
#133
13.30811
-0.2733553
0.6182456
0.2429105
0.6957326
#134
13.40962
-0.2733553
0.6182456
0.2429105
0.6957326
#135
13.50627
-0.2749884
0.6192645
0.2456532
0.6932153
#136
13.60746
-0.2769309
0.6193632
0.2480413
0.6915012
#137
13.7127
-0.2800962
0.6182204
0.2508763
0.6902251
#138
13.81457
-0.2828045
0.6172304
0.2533022
0.6891199
#139
13.91652
-0.2847238
0.6172984
0.2556936
0.6873834
#140
14.00317
-0.2596594
0.6741565
0.2761484
0.6339024
#141
14.10465
-0.146848
0.8521028
0.3315789
0.3773751
#142
14.20623
-0.1472821
0.8516079
0.3313864
0.3784905
#143
14.30834
-0.1654052
0.8316143
0.334307
0.411458
#144
14.41077
-0.1678625
0.8286852
0.3337598
0.4167823
#145
14.51218
-0.1685175
0.8278652
0.3334295
0.4184087
#146
14.61464
-0.1685175
0.8278652
0.3334295
0.4184087
#147
14.70114
-0.1685175
0.8278652
0.3334295
0.4184087
#148
14.80231
-0.1685175
0.8278652
0.3334295
0.4184087
#149
14.90673
-0.1685175
0.8278652
0.3334295
0.4184087
#150
15.01464
-0.169503
0.8268797
0.3342912
0.4192708
#151
15.11554
-0.1732365
0.823681
0.3405487
0.4190051
#152
15.20507
-0.1761538
0.8211127
0.3451643
0.419053
#153
15.30808
-0.1767022
0.8206602
0.3462389
0.418822
#154
15.4092
-0.2037653
0.7223532
0.2388958
0.6161285
#155
15.51
-0.2310078
0.5623468
0.167376
0.7761359
#156
15.61163
-0.2208399
0.562041
0.1589094
0.781081
#157
15.71391
-0.2167407
0.5677665
0.158123
0.7782428
#158
15.80025
-0.1866591
0.6094758
0.150548
0.7556672
#159
15.91243
-0.08904188
0.7279781
0.09632518
0.6729345
#160
16.00171
-0.08840952
0.7323669
0.09690589
0.6681555
#161
16.11256
-0.1049468
0.7199208
0.1116107
0.6769367
#162
16.20783
-0.123036
0.7055138
0.1264656
0.686381
#163
16.31529
-0.151342
0.6954329
0.1535375
0.6854889
#164
16.40304
-0.1662138
0.6898288
0.1675248
0.6844302
#165
16.51094
-0.1730495
0.6843432
0.1723716
0.6870345
#166
16.61384
-0.2034628
0.5624422
0.1451959
0.7881497
#167
16.71718
-0.2067391
0.3268763
0.07351502
0.9192423
#168
16.80181
-0.1936552
0.1962733
0.03957572
0.9604208
#169
16.90347
-0.196659
0.05899943
0.01185621
0.9786234
#170
17.00527
-0.1740429
-0.1387057
-0.02476975
0.9746057
#171
17.1077
-0.174059
-0.1380681
-0.02465589
0.9746963
#172
17.20929
-0.1767701
-0.1316237
-0.02386081
0.9751196
#173
17.3098
-0.1739608
-0.1418944
-0.02533918
0.9741466
#174
17.41254
-0.1395196
-0.3062871
-0.04543351
0.9405628
#175
17.51391
-0.1741157
-0.3550628
-0.06749116
0.9160017
#176
17.60022
-0.2049833
-0.3678775
-0.08349546
0.9031481
#177
17.70347
-0.2171007
-0.4834971
-0.1251536
0.83871
#178
17.80541
-0.1706477
-0.5081533
-0.1035006
0.8378229
#179
17.90658
-0.1444183
-0.5094977
-0.08720464
0.8437718
#180
18.00816
-0.1419911
-0.5064614
-0.08497994
0.8462352
#181
18.10912
-0.1444341
-0.498521
-0.08465435
0.8505582
#182
18.21004
-0.1511283
-0.492328
-0.08725395
0.8527369
#183
18.31456
-0.1572636
-0.491687
-0.09079617
0.8516268
#184
18.41685
-0.1572636
-0.491687
-0.09079617
0.8516268
#185
18.5019
-0.1572636
-0.491687
-0.09079617
0.8516268
#186
18.604
-0.1572636
-0.491687
-0.09079617
0.8516268
#187
18.70664
-0.1572636
-0.491687
-0.09079617
0.8516268
#188
18.81215
-0.1589354
-0.4915078
-0.09176142
0.8513163
#189
18.90025
-0.162834
-0.4910822
-0.0940123
0.8505793
#190
19.00619
-0.160412
-0.5169461
-0.09931444
0.8349679
#191
19.11317
-0.1347977
-0.6870979
-0.1320036
0.7016417
#192
19.20193
-0.1029598
-0.7889365
-0.1376918
0.5899318
#193
19.30622
-0.08587921
-0.8407316
-0.1399364
0.5159582
#194
19.40666
-0.08587921
-0.8407316
-0.1399364
0.5159582
#195
19.50888
-0.09144642
-0.8136593
-0.1332422
0.5584286
#196
19.61236
-0.03549811
-0.9008686
-0.07505465
0.426078
#197
19.71667
-0.0229909
-0.9189939
-0.05419625
0.3898517
#198
19.80073
-0.02884264
-0.9222143
-0.07015137
0.3791671
#199
19.90862
-0.03202156
-0.9412579
-0.09332823
0.322952
#200
20.0099
-0.02771538
-0.9720919
-0.1546169
0.1742494
#201
20.11134
-0.06334854
-0.9364836
-0.2345773
0.2529011
#202
20.21238
-0.08755579
-0.9124228
-0.2859364
0.2793904
#203
20.31363
-0.09684443
-0.9016085
-0.3245994
0.2689954
#204
20.41558
-0.07001925
-0.9054671
-0.3848148
0.1647549
#205
20.50127
-0.05958696
-0.9053148
-0.3981128
0.1355017
#206
20.60381
-0.04175108
-0.8977923
-0.4296689
0.08723881
#207
20.70677
-0.03920217
-0.8908148
-0.4458442
0.07832753
#208
20.80743
-0.0322555
-0.8680629
-0.4921274
0.05689544
#209
20.90838
-0.03204803
-0.8642445
-0.4989722
0.05550876
#210
21.01194
-0.03233823
-0.86162
-0.5034906
0.0553402
#211
21.11345
-0.03233823
-0.86162
-0.5034906
0.0553402
#212
21.20357
-0.03233823
-0.86162
-0.5034906
0.0553402
#213
21.30739
-0.02943515
-0.8645232
-0.4991332
0.05098313
#214
21.4084
-0.0152382
-0.9053516
-0.4231351
0.03260408
#215
21.50972
-0.01315668
-0.9114721
-0.4101104
0.02924077
#216
21.61398
-0.01286898
-0.9154544
-0.4011424
0.02936853
#217
21.70052
-0.01307273
-0.9162208
-0.3993356
0.0299936
#218
21.80373
-0.01327408
-0.9169833
-0.3975272
0.03061956
#219
21.9055
-0.01330903
-0.9198012
-0.3909065
0.03131609
#220
22.00686
-0.01146733
-0.9305167
-0.3649
0.02924236
#221
22.10775
0.03602651
-0.9626371
-0.1621701
-0.2138523
#222
22.21019
0.0282464
-0.9513729
-0.09181651
-0.29268
#223
22.31285
0.0282464
-0.9513729
-0.09181651
-0.29268
#224
22.41474
0.03131267
-0.9641875
-0.1327204
-0.2274803
#225
22.50137
0.0600118
-0.9394528
-0.2216447
-0.2543632
#226
22.6057
0.08953422
-0.9103097
-0.2944609
-0.2767901
#227
22.71123
0.09605099
-0.9039128
-0.2989407
-0.2904312
#228
22.81373
0.1143265
-0.8856735
-0.3182076
-0.3182073
#229
22.91615
0.1371241
-0.8624981
-0.3579201
-0.3304349
#230
23.00305
0.1380079
-0.8615775
-0.3595227
-0.3307288
#231
23.10447
0.1384407
-0.8611061
-0.3606503
-0.3305478
#232
23.20611
0.1175087
-0.8821487
-0.3353173
-0.3091404
#233
23.30952
0.05036805
-0.9483951
-0.2448304
-0.1951098
#234
23.41672
0.05057092
-0.9456995
-0.2660469
-0.1797611
#235
23.50561
0.06568488
-0.9284189
-0.3070455
-0.1986126
#236
23.61765
0.0811635
-0.9133586
-0.329505
-0.224978
#237
23.72183
0.09465436
-0.9009691
-0.3424712
-0.2490155
#238
23.80689
0.09836951
-0.896084
-0.3541067
-0.2489288
#239
23.91275
0.1021055
-0.8906521
-0.3675552
-0.2474198
#240
24.01503
0.1024292
-0.8901702
-0.3687208
-0.2472859
#241
24.11602
0.100901
-0.8918566
-0.3660046
-0.245869
#242
24.20376
0.09850994
-0.8942474
-0.3628892
-0.2427525
#243
24.3073
0.09850994
-0.8942474
-0.3628892
-0.2427525
#244
24.41258
0.09850994
-0.8942474
-0.3628892
-0.2427525
#245
24.51435
0.09850994
-0.8942474
-0.3628892
-0.2427525
#246
24.60142
0.09850994
-0.8942474
-0.3628892
-0.2427525
#247
24.70316
0.09882534
-0.8941661
-0.3621747
-0.2439879
#248
24.80567
0.09977312
-0.8935242
-0.3619148
-0.2463279
#249
24.90734
0.101574
-0.8925299
-0.3601528
-0.2517204
#250
25.00891
0.1665974
-0.7480095
-0.2046324
-0.6089768
#251
25.10946
0.1482268
-0.5339304
-0.0957086
-0.8269142
#252
25.20122
0.1458491
-0.5495932
-0.09814498
-0.8167269
#253
25.30413
0.1434866
-0.5728144
-0.1026787
-0.8004701
#254
25.40587
0.146974
-0.465933
-0.07880677
-0.8689618
#255
25.50714
0.1402864
-0.2448143
-0.0358237
-0.9586983
#256
25.60922
0.1444828
-0.1130709
-0.01662127
-0.9828853
#257
25.71491
0.1444719
-0.1137139
-0.01671579
-0.9828111
#258
25.81609
0.1642179
-0.08510565
-0.01422273
-0.982643
#259
25.90293
0.1857583
-0.0591255
-0.01119861
-0.9807511
#260
26.00365
0.2033195
-0.03203437
-0.006655875
-0.9785657
#261
26.10597
0.2238709
-0.01211896
-0.002783964
-0.9745395
#262
26.20916
0.2283415
-0.008920661
-0.002092324
-0.973538
#263
26.31345
0.2283415
-0.008920661
-0.002092324
-0.973538
#264
26.40031
0.2340555
-0.01463493
-0.003523673
-0.9721068
#265
26.50429
0.237228
-0.0165297
-0.004037153
-0.971305
#266
26.61014
0.244206
-0.01840404
-0.004635587
-0.9695377
