#0
0
0
0
0
1
#1
0.3733333
0.004581041
-0.01374389
6.296793E-05
0.9998951
#2
0.4350485
0.004581041
-0.01374389
6.296793E-05
0.9998951
#3
0.4643584
0.004581041
-0.01374389
6.296793E-05
0.9998951
#4
0.4857706
0.004581041
-0.01374389
6.296793E-05
0.9998951
#5
0.5064062
0.004581041
-0.01374389
6.296793E-05
0.9998951
#6
0.6069036
0.004581041
-0.01374389
6.296793E-05
0.9998951
#7
0.7229259
0.004581041
-0.01374389
6.296793E-05
0.9998951
#8
0.8103837
0.004581041
-0.01374389
6.296793E-05
0.9998951
#9
0.9263723
0.004581041
-0.01374389
6.296793E-05
0.9998951
#10
1.003837
0.004581041
-0.01374389
6.296793E-05
0.9998951
#11
1.119341
0.004581041
-0.01374389
6.296793E-05
0.9998951
#12
1.201652
0.004581041
-0.01374389
6.296793E-05
0.9998951
#13
1.315525
0.004581041
-0.01374389
6.296793E-05
0.9998951
#14
1.42211
0.004581041
-0.01374389
6.296793E-05
0.9998951
#15
1.503354
0.004581041
-0.01374389
6.296793E-05
0.9998951
#16
1.614576
0.004581041
-0.01374389
6.296793E-05
0.9998951
#17
1.70289
0.004581041
-0.01374389
6.296793E-05
0.9998951
#18
1.815984
0.004581041
-0.01374389
6.296793E-05
0.9998951
#19
1.900212
0.004581041
-0.01374389
6.296793E-05
0.9998951
#20
2.003664
0.004581041
-0.01374389
6.296793E-05
0.9998951
#21
2.114927
0.004581041
-0.01374389
6.296793E-05
0.9998951
#22
2.203229
0.004581041
-0.01374389
6.296793E-05
0.9998951
#23
2.322166
0.004581041
-0.01374389
6.296793E-05
0.9998951
#24
2.406395
0.004581041
-0.01374389
6.296793E-05
0.9998951
#25
2.51849
0.004581041
-0.01374389
6.296793E-05
0.9998951
#26
2.619204
0.004581041
-0.01374389
6.296793E-05
0.9998951
#27
2.715326
0.004581041
-0.01374389
6.296793E-05
0.9998951
#28
2.826202
0.004581041
-0.01374389
6.296793E-05
0.9998951
#29
2.906717
0.004581041
-0.01374389
6.296793E-05
0.9998951
#30
3.003174
0.004581041
-0.01374389
6.296793E-05
0.9998951
#31
3.123478
0.004581041
-0.01374389
6.296793E-05
0.9998951
#32
3.216426
0.004581041
-0.01374389
6.296793E-05
0.9998951
#33
3.318556
0.004581041
-0.01374389
6.296793E-05
0.9998951
#34
3.449208
0.004581041
-0.01374389
6.296793E-05
0.9998951
#35
3.510731
0.004581041
-0.01374389
6.296793E-05
0.9998951
#36
3.631035
0.004581041
-0.01374389
6.296793E-05
0.9998951
#37
3.702232
0.004581041
-0.01374389
6.296793E-05
0.9998951
#38
3.818511
0.004581041
-0.01374389
6.296793E-05
0.9998951
#39
3.91137
0.004581041
-0.01374389
6.296793E-05
0.9998951
#40
4.017607
0.004581041
-0.01374389
6.296793E-05
0.9998951
#41
4.102442
0.004581041
-0.01374389
6.296793E-05
0.9998951
#42
4.221986
0.004581041
-0.01374389
6.296793E-05
0.9998951
#43
4.329462
0.004581041
-0.01374389
6.296793E-05
0.9998951
#44
4.418756
0.004581041
-0.01374389
6.296793E-05
0.9998951
#45
4.510725
0.004581041
-0.01374389
6.296793E-05
0.9998951
#46
4.61765
0.004581041
-0.01374389
6.296793E-05
0.9998951
#47
4.731113
0.004581041
-0.01374389
6.296793E-05
0.9998951
#48
4.82197
0.004581041
-0.01374389
6.296793E-05
0.9998951
#49
4.906362
0.004581041
-0.01374389
6.296793E-05
0.9998951
#50
5.008102
0.004581041
-0.01374389
6.296793E-05
0.9998951
#51
5.110646
0.004581041
-0.01374389
6.296793E-05
0.9998951
#52
5.232998
0.004581041
-0.01374389
6.296793E-05
0.9998951
#53
5.355277
0.004581041
-0.01374389
6.296793E-05
0.9998951
#54
5.419088
0.004581041
-0.01374389
6.296793E-05
0.9998951
#55
5.567213
0.004581041
-0.01374389
6.296793E-05
0.9998951
#56
5.606781
0.004581041
-0.01374389
6.296793E-05
0.9998951
#57
5.709453
0.004581041
-0.01374389
6.296793E-05
0.9998951
#58
5.810718
0.004581041
-0.01374389
6.296793E-05
0.9998951
#59
5.914969
0.004581041
-0.01374389
6.296793E-05
0.9998951
#60
6.00238
0.004580998
-0.01439832
6.59662E-05
0.9998859
#61
6.16027
0.02337399
-0.1252984
0.002952822
0.9918393
#62
6.218088
0.02780471
-0.1537873
0.004329245
0.9877033
#63
6.300932
0.06055463
-0.1728907
0.01065017
0.9830201
#64
6.420036
0.168201
-0.2492697
0.04400906
0.9526995
#65
6.502977
0.2313685
-0.4743486
0.1307687
0.8392625
#66
6.618942
0.2311113
-0.4759956
0.1312228
0.8383296
#67
6.722316
0.2124449
-0.3753404
0.08881318
0.8978302
#68
6.800479
0.2051829
-0.1750805
0.0373343
0.9622125
#69
6.920557
0.09215301
-0.2018873
0.01908397
0.974877
#70
7.039401
-0.07110146
-0.5145638
-0.04286999
0.853423
#71
7.115249
-0.06687826
-0.6365165
-0.05554805
0.7663475
#72
7.200106
-0.06687826
-0.6365165
-0.05554805
0.7663475
#73
7.318389
-0.06687826
-0.6365165
-0.05554805
0.7663475
#74
7.415298
-0.06687826
-0.6365165
-0.05554805
0.7663475
#75
7.500271
-0.05664217
-0.5639926
-0.03882002
0.8229198
#76
7.622001
-0.1726229
-0.2478192
-0.04492468
0.9522441
#77
7.701894
-0.1726229
-0.2478192
-0.04492468
0.9522441
#78
7.818509
-0.1726229
-0.2478192
-0.04492468
0.9522441
#79
7.90713
-0.1723953
-0.2769237
-0.05057525
0.9439466
#80
8.008932
-0.1858234
-0.1498337
-0.02868396
0.9706682
#81
8.125514
-0.1838349
-0.4306225
-0.09005977
0.8790098
#82
8.201471
-0.1819233
-0.4959157
-0.1071075
0.842318
#83
8.313686
-0.1549942
-0.5599363
-0.1075734
0.8067689
#84
8.430642
0.007275163
-0.7864765
0.009265865
0.6175079
#85
8.502329
0.007608707
-0.7908955
0.009835644
0.6118249
#86
8.601132
0.007608707
-0.7908955
0.009835644
0.6118249
#87
8.700677
-0.02295231
-0.7492271
-0.02599996
0.6614046
#88
8.811046
-0.04599927
-0.7517163
-0.05272995
0.6557639
#89
8.922304
-0.05457901
-0.7509617
-0.0625651
0.6551056
#90
9.001461
-0.05931816
-0.7542903
-0.06881175
0.6502249
#91
9.107483
-0.06385813
-0.7621173
-0.07606944
0.6397757
#92
9.202975
-0.06385813
-0.7621173
-0.07606944
0.6397757
#93
9.31039
-0.06385813
-0.7621173
-0.07606944
0.6397757
#94
9.406575
-0.06385813
-0.7621173
-0.07606944
0.6397757
#95
9.502099
-0.06385813
-0.7621173
-0.07606944
0.6397757
#96
9.618219
-0.06385813
-0.7621173
-0.07606944
0.6397757
#97
9.706188
-0.06385813
-0.7621173
-0.07606944
0.6397757
#98
9.817829
-0.06385813
-0.7621173
-0.07606944
0.6397757
#99
9.91439
-0.06385813
-0.7621173
-0.07606944
0.6397757
#100
10.02397
-0.06385813
-0.7621173
-0.07606944
0.6397757
#101
10.11412
-0.06385813
-0.7621173
-0.07606944
0.6397757
#102
10.22496
-0.1315414
-0.821319
-0.210306
0.5137153
#103
10.31717
-0.1481092
-0.8211218
-0.246739
0.4928921
#104
10.40006
-0.1481092
-0.8211218
-0.246739
0.4928921
#105
10.51788
-0.1627993
-0.789063
-0.2365427
0.5430686
#106
10.6019
-0.1659667
-0.771087
-0.2234744
0.5726597
#107
10.71888
-0.1667164
-0.7613638
-0.2158031
0.5881835
#108
10.81055
-0.162229
-0.7626493
-0.2097107
0.589974
#109
10.91445
-0.1560421
-0.7648035
-0.2017129
0.5916405
#110
11.03282
-0.151494
-0.7628484
-0.1932075
0.5981495
#111
11.1406
-0.1519656
-0.7591682
-0.1912182
0.6033289
#112
11.2338
-0.1519656
-0.7591682
-0.1912182
0.6033289
#113
11.31787
-0.1519656
-0.7591682
-0.1912182
0.6033289
#114
11.40976
-0.1519656
-0.7591682
-0.1912182
0.6033289
#115
11.52173
-0.1519656
-0.7591682
-0.1912182
0.6033289
#116
11.60265
-0.1519656
-0.7591682
-0.1912182
0.6033289
#117
11.70309
-0.1519656
-0.7591682
-0.1912182
0.6033289
#118
11.8105
-0.1519656
-0.7591682
-0.1912182
0.6033289
#119
11.95979
-0.1645856
-0.7454662
-0.1997471
0.6142417
#120
12.02714
-0.1651186
-0.7449332
-0.2001269
0.6146215
#121
12.13475
-0.1663251
-0.7445388
-0.2015892
0.6142961
#122
12.23478
-0.1438607
-0.7918146
-0.2044086
0.557271
#123
12.34155
-0.03640867
-0.955458
-0.1334308
0.2607117
#124
12.40606
-0.01895003
-0.9810491
-0.1370046
0.1356955
#125
12.51838
0.001888594
-0.9869979
-0.1603008
-0.01162838
#126
12.62039
0.0544867
-0.9394743
-0.1779401
-0.2876746
#127
12.73302
0.106393
-0.8499755
-0.1882405
-0.4804037
#128
12.83083
0.1291771
-0.8055711
-0.1906146
-0.5459254
#129
12.91852
0.1302488
-0.8051953
-0.1921959
-0.5456707
#130
13.0079
0.1197513
-0.8333074
-0.1989061
-0.501692
#131
13.12393
0.1912731
-0.3959827
-0.08471064
-0.8941122
#132
13.22051
0.1840137
-0.2781222
-0.0543764
-0.9411855
#133
13.33593
0.185962
-0.2539773
-0.04982837
-0.9478559
#134
13.41471
0.2695035
-0.3863908
-0.1191462
-0.873999
#135
13.5119
0.2910259
-0.4590852
-0.1622325
-0.8235444
#136
13.63479
0.314946
-0.5279761
-0.219505
-0.7575406
#137
13.71143
0.3231081
-0.5278175
-0.2267683
-0.7520545
#138
13.81441
0.3363718
-0.5044309
-0.2222177
-0.7635593
#139
13.90579
0.3407614
-0.4971953
-0.2209758
-0.7667126
#140
14.00612
0.3295175
-0.4223223
-0.1681692
-0.8275151
#141
14.11782
0.2057188
-0.3089451
-0.06863293
-0.926025
#142
14.21163
0.1634465
-0.2946212
-0.05122096
-0.9401383
#143
14.3021
0.1591375
-0.2948528
-0.04987062
-0.9408773
#144
14.41865
0.1619064
-0.2207766
-0.03719295
-0.9610727
#145
14.50795
0.1566897
-0.1435995
-0.02303305
-0.9768813
#146
14.61962
0.1405462
-0.1176399
-0.0168212
-0.9829165
#147
14.71437
0.1338294
-0.1338288
-0.01824304
-0.981757
#148
14.80654
0.1341406
-0.1505018
-0.02061618
-0.97925
#149
14.91189
0.1369959
-0.1657894
-0.0232633
-0.9763221
#150
15.02176
0.1388817
-0.1670211
-0.02377062
-0.9758334
#151
15.12323
0.1446273
-0.1668782
-0.02475404
-0.9749984
#152
15.216
0.1497304
-0.1667463
-0.02562747
-0.9742278
#153
15.31113
0.1497304
-0.1667463
-0.02562747
-0.9742278
#154
15.41809
0.1497304
-0.1667463
-0.02562747
-0.9742278
#155
15.5187
0.1580318
-0.1658852
-0.02694182
-0.9730273
#156
15.6104
0.163797
-0.1644509
-0.02770408
-0.9722957
#157
15.71189
0.1642811
-0.08060254
-0.01347016
-0.9830226
#158
15.83065
0.1272228
0.3062404
0.04133729
-0.9425086
#159
15.91634
0.1232939
0.3254411
0.04284514
-0.93651
#160
16.0018
0.1232939
0.3254411
0.04284514
-0.93651
#161
16.11013
0.1169628
0.2669304
0.03265671
-0.9560342
#162
16.224
0.2672837
0.2535405
0.0731208
-0.9267848
#163
16.32271
0.3224892
0.2433781
0.08618472
-0.9106811
#164
16.40784
0.3235105
0.245052
0.08713864
-0.9097787
#165
16.51547
0.3193066
0.251945
0.08847678
-0.9092519
#166
16.61717
0.3116406
0.2579986
0.08833265
-0.9102276
#167
16.71103
0.3116406
0.2579986
0.08833265
-0.9102276
#168
16.81406
0.3136011
0.2560377
0.08822336
-0.9101185
#169
16.90772
0.3136011
0.2560377
0.08822336
-0.9101185
#170
17.02638
0.3254873
0.254861
0.09156723
-0.9059356
#171
17.11858
0.327858
0.2546204
0.09223416
-0.9050804
#172
17.22902
0.3296345
0.2544388
0.09273392
-0.9044349
#173
17.30771
0.3296345
0.2544388
0.09273392
-0.9044349
#174
17.40333
0.3296345
0.2544388
0.09273392
-0.9044349
#175
17.52362
0.3286149
0.2586414
0.09407389
-0.903475
#176
17.62307
0.1753855
0.5833181
0.130788
-0.7822241
#177
17.72341
0.09830622
0.7442641
0.1123934
-0.6509797
#178
17.80989
0.07431723
0.8010423
0.1017279
-0.5852005
#179
17.90308
0.07400253
0.8109857
0.1051488
-0.5707624
#180
18.0166
0.005381268
0.9811552
0.1911617
-0.02761986
#181
18.10389
-0.007671939
0.9786497
0.2020008
0.03716886
#182
18.21485
-0.00517423
0.9799352
0.1975897
0.02566131
#183
18.3066
-0.004398306
0.9800285
0.1976085
0.02181316
#184
18.41061
-0.003997159
0.9801986
0.1969753
0.01989087
#185
18.52272
-0.003868199
0.9802113
0.1969778
0.01924913
#186
18.63213
-0.0006427356
0.9805238
0.196373
0.003209288
#187
18.70392
-0.0003856053
0.9805272
0.1963737
0.001925393
#188
18.81513
0.000776242
0.9802637
0.1976559
-0.00384973
#189
18.92859
0.00146462
0.9790645
0.203423
-0.007049144
#190
19.003
0.001922741
0.9776965
0.2098232
-0.008959243
#191
19.10174
0.002847709
0.973354
0.2289704
-0.01210562
#192
19.21876
0.003269987
0.9711984
0.2378754
-0.01335071
#193
19.31041
0.003562869
0.9688074
0.2473962
-0.01395225
#194
19.40196
0.003581129
0.9684827
0.2486642
-0.01394757
#195
19.51431
0.00376339
0.9651448
0.26132
-0.0138995
#196
19.62272
-0.08546157
0.9062379
0.221336
0.3499137
#197
19.71829
-0.0861074
0.8217622
0.129052
0.5483047
#198
19.81406
-0.07937653
0.8092412
0.1124715
0.5711201
#199
19.90123
-0.09933478
0.7477881
0.1149287
0.6463258
#200
20.00286
-0.1098352
0.592164
0.08190625
0.7940841
#201
20.11436
-0.1546767
0.4368103
0.07653029
0.8828448
#202
20.23141
-0.19704
0.3508898
0.07578499
0.9123093
#203
20.30989
-0.1990305
0.3483519
0.07595304
0.9128357
#204
20.40682
-0.1990305
0.3483519
0.07595304
0.9128357
#205
20.51145
-0.2092207
0.2465199
0.05459576
0.9447084
#206
20.60761
-0.2057684
0.04545796
0.009569143
0.9774975
#207
20.71863
-0.180775
-0.09318294
-0.01720738
0.9789491
#208
20.82293
-0.1726265
-0.2341092
-0.04228113
0.955827
#209
20.91017
-0.1378367
-0.596485
-0.1049081
0.7837098
#210
21.00621
-0.1142782
-0.7338848
-0.1275886
0.6573239
#211
21.11399
-0.1025036
-0.7687095
-0.1274315
0.6183364
#212
21.21139
-0.1025036
-0.7687095
-0.1274315
0.6183364
#213
21.32204
-0.1078665
-0.7254159
-0.1168423
0.6696899
#214
21.4018
-0.1255832
-0.6015899
-0.09649379
0.7829479
#215
21.5028
-0.1333292
-0.5328769
-0.08547237
0.8312401
#216
21.61044
-0.1343818
-0.5224987
-0.08380773
0.8378024
#217
21.70342
-0.1349852
-0.5218952
-0.08406132
0.8380561
#218
21.81036
-0.1462535
-0.5277253
-0.09281489
0.8315656
#219
21.90735
-0.1504803
-0.5283194
-0.09577388
0.8300974
#220
22.01455
-0.1582247
-0.5306033
-0.101578
0.8265029
#221
22.11057
-0.1656992
-0.5344303
-0.1077602
0.821776
