#0
0
0
0
0
1
#1
0.3733333
0
0
0
1
#2
0.4268329
0
0
0
1
#3
0.4598576
0
0
0
1
#4
0.4828454
0
0
0
1
#5
0.5031862
0
0
0
1
#6
0.6074541
0
0
0
1
#7
0.7007773
0
0
0
1
#8
0.8070695
0
0
0
1
#9
0.9039131
0
0
0
1
#10
1.004876
0
0
0
1
#11
1.115173
0
0
0
1
#12
1.207005
0
0
0
1
#13
1.3226
0
0
0
1
#14
1.411198
0
0
0
1
#15
1.514209
0
0
0
1
#16
1.602261
0
0
0
1
#17
1.712404
0
0
0
1
#18
1.805086
0
0
0
1
#19
1.913385
0
0
0
1
#20
2.018788
0
0
0
1
#21
2.12174
-0.01493172
-0.1266174
-0.001906175
0.9918374
#22
2.203027
-0.01488118
-0.1505968
-0.002267174
0.9884807
#23
2.311338
-0.01488118
-0.1505968
-0.002267174
0.9884807
#24
2.416155
-0.01488118
-0.1505968
-0.002267174
0.9884807
#25
2.514382
-0.01488118
-0.1505968
-0.002267174
0.9884807
#26
2.620479
-0.01488118
-0.1505968
-0.002267174
0.9884807
#27
2.703132
-0.01488118
-0.1505968
-0.002267174
0.9884807
#28
2.810725
-0.01488118
-0.1505968
-0.002267174
0.9884807
#29
2.915543
-0.01488118
-0.1505968
-0.002267174
0.9884807
#30
3.01147
-0.01488118
-0.1505968
-0.002267174
0.9884807
#31
3.118389
-0.01488118
-0.1505968
-0.002267174
0.9884807
#32
3.207614
-0.01488118
-0.1505968
-0.002267174
0.9884807
#33
3.323501
-0.01488118
-0.1505968
-0.002267174
0.9884807
#34
3.413443
-0.01740141
-0.1738359
-0.003072253
0.9846161
#35
3.51101
-0.02731422
-0.2403446
-0.00676591
0.9702797
#36
3.611627
-0.02731422
-0.2403446
-0.00676591
0.9702797
#37
3.70754
-0.02731422
-0.2403446
-0.00676591
0.9702797
#38
3.818381
-0.02731422
-0.2403446
-0.00676591
0.9702797
#39
3.918653
-0.02707822
-0.2719626
-0.007655983
0.9618963
#40
4.002439
-0.02707822
-0.2719626
-0.007655983
0.9618963
#41
4.132508
-0.02707822
-0.2719626
-0.007655983
0.9618963
#42
4.212125
-0.02707822
-0.2719626
-0.007655983
0.9618963
#43
4.322426
-0.02707822
-0.2719626
-0.007655983
0.9618963
#44
4.402918
-0.02707822
-0.2719626
-0.007655983
0.9618963
#45
4.51783
-0.02707822
-0.2719626
-0.007655983
0.9618963
#46
4.614607
-0.02707822
-0.2719626
-0.007655983
0.9618963
#47
4.71705
-0.02707822
-0.2719626
-0.007655983
0.9618963
#48
4.81855
-0.02707822
-0.2719626
-0.007655983
0.9618963
#49
4.902797
-0.02707822
-0.2719626
-0.007655983
0.9618963
#50
5.003461
-0.02707822
-0.2719626
-0.007655983
0.9618963
#51
5.111331
-0.02707822
-0.2719626
-0.007655983
0.9618963
#52
5.212051
-0.02707822
-0.2719626
-0.007655983
0.9618963
#53
5.306349
-0.02707822
-0.2719626
-0.007655983
0.9618963
#54
5.40812
-0.02707822
-0.2719626
-0.007655983
0.9618963
#55
5.515803
-0.02707822
-0.2719626
-0.007655983
0.9618963
#56
5.603215
-0.02707822
-0.2719626
-0.007655983
0.9618963
#57
5.711925
-0.02707822
-0.2719626
-0.007655983
0.9618963
#58
5.818544
-0.02707822
-0.2719626
-0.007655983
0.9618963
#59
5.901026
-0.02707822
-0.2719626
-0.007655983
0.9618963
#60
6.006702
-0.02707822
-0.2719626
-0.007655983
0.9618963
#61
6.110964
-0.02707822
-0.2719626
-0.007655983
0.9618963
#62
6.209731
-0.02707822
-0.2719626
-0.007655983
0.9618963
#63
6.312512
-0.02707822
-0.2719626
-0.007655983
0.9618963
#64
6.418452
-0.02707822
-0.2719626
-0.007655983
0.9618963
#65
6.502154
-0.02707822
-0.2719626
-0.007655983
0.9618963
#66
6.618378
-0.02707822
-0.2719626
-0.007655983
0.9618963
#67
6.702843
-0.02707822
-0.2719626
-0.007655983
0.9618963
#68
6.812013
-0.02707822
-0.2719626
-0.007655983
0.9618963
#69
6.918932
-0.02707822
-0.2719626
-0.007655983
0.9618963
#70
7.024718
-0.02707822
-0.2719626
-0.007655983
0.9618963
#71
7.107465
-0.02707822
-0.2719626
-0.007655983
0.9618963
#72
7.20134
-0.02707822
-0.2719626
-0.007655983
0.9618963
#73
7.310924
-0.02707822
-0.2719626
-0.007655983
0.9618963
#74
7.41685
-0.02707822
-0.2719626
-0.007655983
0.9618963
#75
7.502992
-0.02707822
-0.2719626
-0.007655983
0.9618963
#76
7.616338
-0.02707822
-0.2719626
-0.007655983
0.9618963
#77
7.71966
-0.02707822
-0.2719626
-0.007655983
0.9618963
#78
7.80657
-0.02707822
-0.2719626
-0.007655983
0.9618963
#79
7.917005
-0.02707822
-0.2719626
-0.007655983
0.9618963
#80
8.000416
-0.02707822
-0.2719626
-0.007655983
0.9618963
#81
8.106713
-0.02707822
-0.2719626
-0.007655983
0.9618963
#82
8.214873
-0.02707822
-0.2719626
-0.007655983
0.9618963
#83
8.311006
-0.02707822
-0.2719626
-0.007655983
0.9618963
#84
8.40075
-0.02707822
-0.2719626
-0.007655983
0.9618963
#85
8.511131
-0.02707822
-0.2719626
-0.007655983
0.9618963
#86
8.600312
-0.02707822
-0.2719626
-0.007655983
0.9618963
#87
8.702576
-0.02707822
-0.2719626
-0.007655983
0.9618963
#88
8.80642
-0.02707822
-0.2719626
-0.007655983
0.9618963
#89
8.916943
-0.02707822
-0.2719626
-0.007655983
0.9618963
#90
9.006548
-0.02707822
-0.2719626
-0.007655983
0.9618963
#91
9.100012
-0.02707822
-0.2719626
-0.007655983
0.9618963
#92
9.21551
-0.02707822
-0.2719626
-0.007655983
0.9618963
#93
9.302603
-0.02707822
-0.2719626
-0.007655983
0.9618963
#94
9.417707
-0.02707822
-0.2719626
-0.007655983
0.9618963
#95
9.522814
-0.02707822
-0.2719626
-0.007655983
0.9618963
#96
9.623207
-0.02707822
-0.2719626
-0.007655983
0.9618963
#97
9.707823
-0.02707822
-0.2719626
-0.007655983
0.9618963
#98
9.800388
-0.02707822
-0.2719626
-0.007655983
0.9618963
#99
9.903553
-0.02707822
-0.2719626
-0.007655983
0.9618963
#100
10.01094
-0.02707822
-0.2719626
-0.007655983
0.9618963
#101
10.1168
-0.02707822
-0.2719626
-0.007655983
0.9618963
#102
10.20272
-0.02707822
-0.2719626
-0.007655983
0.9618963
#103
10.3076
-0.02707822
-0.2719626
-0.007655983
0.9618963
#104
10.40788
-0.02707822
-0.2719626
-0.007655983
0.9618963
#105
10.51538
-0.02707822
-0.2719626
-0.007655983
0.9618963
#106
10.61975
-0.02707822
-0.2719626
-0.007655983
0.9618963
#107
10.71103
-0.02707822
-0.2719626
-0.007655983
0.9618963
#108
10.81273
-0.02707822
-0.2719626
-0.007655983
0.9618963
#109
10.91871
-0.02707822
-0.2719626
-0.007655983
0.9618963
#110
11.00039
-0.02707822
-0.2719626
-0.007655983
0.9618963
#111
11.12717
-0.02707822
-0.2719626
-0.007655983
0.9618963
#112
11.21066
-0.02707822
-0.2719626
-0.007655983
0.9618963
#113
11.30045
-0.02707822
-0.2719626
-0.007655983
0.9618963
#114
11.40356
-0.02707822
-0.2719626
-0.007655983
0.9618963
#115
11.51665
-0.02707822
-0.2719626
-0.007655983
0.9618963
#116
11.62372
-0.02707822
-0.2719626
-0.007655983
0.9618963
#117
11.71609
-0.02707822
-0.2719626
-0.007655983
0.9618963
#118
11.8005
-0.02707822
-0.2719626
-0.007655983
0.9618963
#119
11.90294
-0.02707822
-0.2719626
-0.007655983
0.9618963
#120
12.01892
-0.02707822
-0.2719626
-0.007655983
0.9618963
#121
12.11675
-0.02707822
-0.2719626
-0.007655983
0.9618963
#122
12.20633
-0.02707822
-0.2719626
-0.007655983
0.9618963
#123
12.31478
-0.02707822
-0.2719626
-0.007655983
0.9618963
#124
12.41623
-0.02707822
-0.2719626
-0.007655983
0.9618963
#125
12.50715
-0.02707822
-0.2719626
-0.007655983
0.9618963
#126
12.60328
-0.02707822
-0.2719626
-0.007655983
0.9618963
#127
12.71673
-0.02707822
-0.2719626
-0.007655983
0.9618963
#128
12.82028
-0.02707822
-0.2719626
-0.007655983
0.9618963
#129
12.90241
-0.02707822
-0.2719626
-0.007655983
0.9618963
#130
13.00643
-0.02707822
-0.2719626
-0.007655983
0.9618963
#131
13.10213
-0.02707822
-0.2719626
-0.007655983
0.9618963
#132
13.21798
-0.02707822
-0.2719626
-0.007655983
0.9618963
#133
13.31835
-0.02707822
-0.2719626
-0.007655983
0.9618963
#134
13.40094
-0.02707822
-0.2719626
-0.007655983
0.9618963
#135
13.50723
-0.02707822
-0.2719626
-0.007655983
0.9618963
#136
13.6183
-0.02707822
-0.2719626
-0.007655983
0.9618963
#137
13.73143
-0.02707822
-0.2719626
-0.007655983
0.9618963
#138
13.81464
-0.02707822
-0.2719626
-0.007655983
0.9618963
#139
13.90106
-0.02707822
-0.2719626
-0.007655983
0.9618963
#140
14.0249
-0.02707822
-0.2719626
-0.007655983
0.9618963
#141
14.10689
-0.02707822
-0.2719626
-0.007655983
0.9618963
#142
14.21892
-0.02707822
-0.2719626
-0.007655983
0.9618963
#143
14.30714
-0.02707822
-0.2719626
-0.007655983
0.9618963
#144
14.42336
-0.02707822
-0.2719626
-0.007655983
0.9618963
#145
14.5107
-0.02707822
-0.2719626
-0.007655983
0.9618963
#146
14.61521
-0.02707822
-0.2719626
-0.007655983
0.9618963
#147
14.71173
-0.02707822
-0.2719626
-0.007655983
0.9618963
#148
14.80221
-0.02707822
-0.2719626
-0.007655983
0.9618963
#149
14.90317
-0.02707822
-0.2719626
-0.007655983
0.9618963
#150
15.0081
-0.02707822
-0.2719626
-0.007655983
0.9618963
#151
15.1114
-0.02707822
-0.2719626
-0.007655983
0.9618963
#152
15.20196
-0.02707822
-0.2719626
-0.007655983
0.9618963
#153
15.30433
-0.02707822
-0.2719626
-0.007655983
0.9618963
#154
15.40183
-0.02707822
-0.2719626
-0.007655983
0.9618963
#155
15.50626
-0.02707822
-0.2719626
-0.007655983
0.9618963
#156
15.6139
-0.02707822
-0.2719626
-0.007655983
0.9618963
#157
15.715
-0.02707822
-0.2719626
-0.007655983
0.9618963
#158
15.81895
-0.02707822
-0.2719626
-0.007655983
0.9618963
#159
15.90137
-0.02707822
-0.2719626
-0.007655983
0.9618963
#160
16.01247
-0.02707822
-0.2719626
-0.007655983
0.9618963
#161
16.10233
-0.02707822
-0.2719626
-0.007655983
0.9618963
#162
16.20259
-0.169014
0.6763644
0.163786
0.697954
#163
16.30099
-0.224987
0.6221349
0.193178
0.7245767
#164
16.41502
-0.3225712
0.2004852
0.07011075
0.9224088
#165
16.51509
-0.3179307
0.1125804
0.03805161
0.9406369
#166
16.60129
-0.3074186
0.1284016
0.04190612
0.9419399
#167
16.7044
-0.2281857
0.19285
0.04616572
0.9532098
#168
16.81219
-0.1950836
0.2068641
0.04213399
0.9577966
#169
16.91306
-0.1799248
0.1759977
0.03273842
0.9672539
#170
17.01711
-0.1759714
0.1609184
0.0291713
0.9707154
#171
17.10824
-0.175355
0.160302
0.02895121
0.9709355
#172
17.20228
-0.1747195
0.1603209
0.02884628
0.9710501
#173
17.32777
-0.1747195
0.1603209
0.02884628
0.9710501
#174
17.41592
-0.1747195
0.1603209
0.02884628
0.9710501
#175
17.50324
-0.1747195
0.1603209
0.02884628
0.9710501
#176
17.60377
-0.1798015
0.1601676
0.02968532
0.9701219
#177
17.71136
-0.1829752
0.1600696
0.03020931
0.9695283
#178
17.8096
-0.1905842
0.1598275
0.03146555
0.9680614
#179
17.91194
-0.1931179
0.1597445
0.03188387
0.9675591
#180
18.00491
-0.1957962
0.1552283
0.03140526
0.9677715
#181
18.11216
-0.1310004
-0.1473623
-0.01969505
0.9801711
#182
18.20478
-0.04932831
-0.3923734
-0.02107848
0.9182405
#183
18.31982
-0.04895596
-0.382146
-0.02027823
0.9225815
#184
18.41483
-0.05037841
-0.3724377
-0.020252
0.9264675
#185
18.50288
-0.02310781
-0.4244563
-0.01083679
0.9050887
#186
18.62315
-0.01631923
-0.5939989
-0.01205357
0.80421
#187
18.71067
-0.01631923
-0.5939989
-0.01205357
0.80421
#188
18.80828
-0.01923989
-0.5769852
-0.01359741
0.8164148
#189
18.91475
-0.01754663
-0.5828737
-0.01259113
0.8122758
#190
19.00686
-0.0201952
-0.5833609
-0.01451173
0.8118324
#191
19.12389
-0.02821713
-0.5810635
-0.02016427
0.8131189
#192
19.21161
-0.03476352
-0.5755545
-0.02450026
0.8166568
#193
19.32362
-0.03966445
-0.5727254
-0.02776046
0.8183164
#194
19.42643
-0.05107037
-0.5685375
-0.03539579
0.8203073
#195
19.5103
-0.05160725
-0.5685142
-0.03576788
0.8202737
#196
19.60792
-0.05160725
-0.5685142
-0.03576788
0.8202737
#197
19.70946
-0.2066709
-0.5558563
-0.1450488
0.7920049
#198
19.80393
-0.242159
-0.5598773
-0.1754549
0.7727302
#199
19.91848
-0.2435535
-0.5662323
-0.1798914
0.7666172
#200
20.00213
-0.2421715
-0.5759783
-0.1838181
0.7588233
#201
20.12238
-0.2669526
-0.5759696
-0.2065106
0.7445459
#202
20.213
-0.2780004
-0.5701634
-0.2133172
0.7430514
#203
20.31501
-0.2814795
-0.567377
-0.2148184
0.7434418
#204
20.40854
-0.2814795
-0.567377
-0.2148184
0.7434418
#205
20.50361
-0.2814795
-0.567377
-0.2148184
0.7434418
#206
20.60671
-0.2814795
-0.567377
-0.2148184
0.7434418
#207
20.71526
-0.2814795
-0.567377
-0.2148184
0.7434418
#208
20.80318
-0.2814795
-0.567377
-0.2148184
0.7434418
#209
20.90276
-0.2814795
-0.567377
-0.2148184
0.7434418
#210
21.01563
-0.2811981
-0.5683498
-0.2151867
0.7426984
#211
21.12329
-0.1238392
-0.7767643
-0.1613905
0.596032
#212
21.21915
-0.1082675
-0.8102652
-0.1584171
0.5537621
#213
21.31863
-0.1031839
-0.8199425
-0.1564125
0.540909
#214
21.40727
-0.1032863
-0.8195884
-0.1563449
0.5414456
#215
21.52817
-0.08001073
-0.6560865
-0.07026024
0.7471361
#216
21.60873
-0.02989815
-0.5562976
-0.02003397
0.8302034
#217
21.71844
-0.02881139
-0.5563234
-0.01930576
0.8302419
#218
21.80303
-0.02489715
-0.5618287
-0.01692009
0.8267058
#219
21.92293
-0.0273201
-0.6156347
-0.02136401
0.7872681
#220
22.00755
-0.03257802
-0.6277514
-0.02631062
0.7772866
#221
22.10287
-0.0380721
-0.6300852
-0.03095415
0.7749742
#222
22.22085
-0.03857931
-0.6300648
-0.03136653
0.7749491
#223
22.31647
-0.04007949
-0.630509
-0.03262983
0.7744594
#224
22.40034
-0.0435807
-0.6313658
-0.03557522
0.7734419
#225
22.51556
-0.04760437
-0.6316768
-0.03891171
0.7727898
#226
22.60324
-0.04760437
-0.6316768
-0.03891171
0.7727898
#227
22.71877
-0.04760437
-0.6316768
-0.03891171
0.7727898
#228
22.81946
-0.05128314
-0.6553606
-0.04467805
0.7522476
#229
22.91855
-0.03152933
-0.9068884
-0.06898528
0.4144883
#230
23.0107
-0.02941176
-0.9177285
-0.06920578
0.3900255
#231
23.11567
-0.03366714
-0.905202
-0.07302965
0.417304
#232
23.20237
-0.03223954
-0.900871
-0.06793455
0.4275242
#233
23.31367
-0.01866957
-0.9687097
-0.07687715
0.2352506
#234
23.40645
0.001386411
-0.9967617
-0.07844692
-0.017616
#235
23.51201
0.001899808
-0.996625
-0.07843616
-0.02413933
#236
23.60289
0.001899808
-0.996625
-0.07843616
-0.02413933
#237
23.71513
0.002464457
-0.9964254
-0.07842045
-0.03131387
#238
23.80421
0.01343882
-0.9821845
-0.07729967
-0.1707562
#239
23.91192
0.02720108
-0.9272349
-0.06870211
-0.3671181
#240
24.00383
0.02825595
-0.9228007
-0.06898088
-0.3779975
#241
24.12758
0.01390215
-0.956762
-0.04637507
-0.2868146
#242
24.20285
0.008013044
-0.9561983
-0.02629156
-0.2914265
#243
24.30261
0.02506037
-0.8587055
-0.04218556
-0.510115
#244
24.41761
0.02794936
-0.8400331
-0.04347303
-0.5400679
#245
24.50694
0.03039399
-0.7774675
-0.03768452
-0.6270569
#246
24.60275
0.01687994
-0.5106325
-0.01002757
-0.8595749
#247
24.72828
0.0291335
-0.4549132
-0.01489235
-0.8899345
#248
24.8071
0.0291335
-0.4549132
-0.01489235
-0.8899345
#249
24.91447
0.02792162
-0.4578423
-0.0143883
-0.8884783
#250
25.00809
0.05887155
-0.2878599
-0.01773236
-0.9556968
#251
25.10843
0.09928049
-0.02800118
-0.002794891
-0.9946615
#252
25.21116
0.1102555
0.04811765
0.005344119
-0.9927235
#253
25.30864
0.1119899
0.07796189
0.00881373
-0.9906072
#254
25.40685
0.06772037
0.2131553
0.01481183
-0.974556
#255
25.52584
0.1153138
0.1624199
0.01911588
-0.979774
#256
25.62762
0.4544036
0.0680948
0.03486463
-0.8875049
#257
25.70327
0.4728641
0.05242162
0.02819664
-0.8791226
#258
25.81108
0.4946754
-0.02558961
-0.01457387
-0.8685787
#259
25.90263
0.4828801
-0.008024165
-0.00442501
-0.8756386
#260
26.01893
0.2473962
0.5087427
0.1554169
-0.809828
#261
26.10484
0.23256
0.519711
0.1495157
-0.8083696
#262
26.2071
0.2343791
0.5039288
0.1442613
-0.8187252
#263
26.33079
0.1941469
0.5012953
0.1165398
-0.8351218
#264
26.41553
0.1900298
0.456427
0.1004564
-0.863407
#265
26.51524
0.1905081
0.4423659
0.09675472
-0.8710095
#266
26.60771
0.2056542
0.4129256
0.09628075
-0.8820028
#267
26.71674
0.2189967
0.4057349
0.1007851
-0.8816246
#268
26.8045
0.2267237
0.3980079
0.1021911
-0.8830306
#269
26.9083
0.2316841
0.3945796
0.103516
-0.8831273
#270
27.01446
0.238383
0.3909371
0.1055744
-0.8827207
#271
27.1189
0.2483333
0.3885856
0.1095925
-0.8805233
#272
27.23898
0.2517892
0.3881522
0.1111176
-0.8795413
