#0
0
0
0
0
1
#1
0.3733333
0
0
0
1
#2
0.4080823
0
0
0
1
#3
0.4249335
0
0
0
1
#4
0.4423147
0
0
0
1
#5
0.5105677
0
0
0
1
#6
0.6135437
0
0
0
1
#7
0.7162555
0
0
0
1
#8
0.8028286
0
0
0
1
#9
0.9054027
0
0
0
1
#10
1.007786
0
0
0
1
#11
1.100162
0
0
0
1
#12
1.209477
0
0
0
1
#13
1.312758
0
0
0
1
#14
1.406226
0.006539723
0.03991295
-0.0002612334
0.9991817
#15
1.508639
0.007847642
0.03991257
-0.000313479
0.9991723
#16
1.610253
0.007847642
0.03991257
-0.000313479
0.9991723
#17
1.713427
0.007847642
0.03991257
-0.000313479
0.9991723
#18
1.815706
0.007847435
0.04056652
-0.0003186152
0.999146
#19
1.900045
0.00196203
0.03860573
-7.580228E-05
0.9992526
#20
2.003366
0.001308591
0.02486835
-3.255261E-05
0.9996899
#21
2.114093
-0.04419635
-0.1148233
-0.005113692
0.9923891
#22
2.215537
-0.0844008
-0.2071363
-0.01793995
0.9744995
#23
2.316722
-0.1111901
-0.3062805
-0.03604743
0.9447379
#24
2.403144
-0.1192763
-0.4026641
-0.05301173
0.9059937
#25
2.505223
-0.09677702
-0.4685499
-0.05172839
0.8765953
#26
2.607921
-0.09677702
-0.4685499
-0.05172839
0.8765953
#27
2.709857
-0.09681085
-0.4679761
-0.05166504
0.8769018
#28
2.810674
-0.09948444
-0.4615158
-0.05217514
0.8799908
#29
2.91254
-0.09900219
-0.4695597
-0.05308451
0.875725
#30
3.014007
-0.09390575
-0.6191918
-0.07493044
0.7759953
#31
3.100421
-0.07071158
-0.7285799
-0.07609473
0.6770383
#32
3.204453
-0.02190368
-0.8160533
-0.03099301
0.5767293
#33
3.306012
-0.006312405
-0.8442695
-0.009946763
0.5357894
#34
3.407791
-0.01010661
-0.8462732
-0.01606457
0.532411
#35
3.509826
-0.01222088
-0.8243045
-0.01780646
0.5657346
#36
3.612334
-0.0145231
-0.6981155
-0.01416632
0.7156976
#37
3.714214
-0.01526211
-0.6587182
-0.01336686
0.7521161
#38
3.816858
-0.01589799
-0.6507974
-0.01363225
0.7589626
#39
3.902462
-0.0155387
-0.6428226
-0.0130443
0.7657464
#40
4.004407
-0.01158587
-0.63836
-0.009610248
0.7695908
#41
4.105503
-0.01107013
-0.6393729
-0.009206938
0.7687619
#42
4.207123
-0.01152906
-0.6428821
-0.009678326
0.7658172
#43
4.308368
-0.01351904
-0.6438564
-0.01137906
0.7649423
#44
4.410153
-0.0174854
-0.645788
-0.01479593
0.7631731
#45
4.512893
-0.01898385
-0.6457577
-0.01606391
0.7631373
#46
4.614161
-0.01948332
-0.6457471
-0.01648655
0.7631247
#47
4.716809
-0.02247994
-0.6456774
-0.01902226
0.7630423
#48
4.802991
-0.0299699
-0.6454595
-0.02536017
0.7627848
#49
4.905021
-0.03496163
-0.6452797
-0.02958412
0.7625723
#50
5.006963
-0.03979387
-0.6594018
-0.03499055
0.7499209
#51
5.108302
-0.05184329
-0.770425
-0.06317125
0.6322713
#52
5.209525
-0.04078536
-0.8958104
-0.08408751
0.4344991
#53
5.312752
-0.03108336
-0.9322551
-0.08258656
0.3508758
#54
5.41557
-0.03108336
-0.9322551
-0.08258656
0.3508758
#55
5.502183
-0.03108336
-0.9322551
-0.08258656
0.3508758
#56
5.604705
-0.03288883
-0.9415793
-0.09647237
0.3209981
#57
5.706943
-0.06194466
-0.9302518
-0.3103555
0.1856714
#58
5.807844
-0.07291222
-0.8951807
-0.4098457
0.1592541
#59
5.908988
-0.2073125
-0.7919165
-0.4252895
0.3860293
#60
6.009739
-0.2647773
-0.7298128
-0.3907074
0.4945846
#61
6.112003
-0.2873869
-0.6935259
-0.3596816
0.5541297
#62
6.213628
-0.3459627
-0.4803816
-0.2138797
0.7770449
#63
6.316239
-0.3144492
-0.178734
-0.06041121
0.9303367
#64
6.402575
-0.3144492
-0.178734
-0.06041121
0.9303367
#65
6.505157
-0.307385
-0.1937486
-0.06407622
0.9294462
#66
6.607202
-0.2710921
-0.1043238
-0.02956983
0.9564263
#67
6.707754
-0.2859709
-0.05953244
-0.01780397
0.9562215
#68
6.811708
-0.3164207
0.1328979
0.04482194
0.9381935
#69
6.913473
-0.3215263
0.2345876
0.0825538
0.9136599
#70
7.01465
-0.3091454
0.4247324
0.1570079
0.8362895
#71
7.103374
-0.3285656
0.4461027
0.1803504
0.8127181
#72
7.205832
-0.477547
0.3424797
0.2092556
0.7815808
#73
7.307436
-0.4916186
0.3100264
0.1927867
0.7905872
#74
7.40905
-0.3272326
0.4564606
0.1852334
0.8063815
#75
7.512316
-0.1843447
0.7012514
0.1957929
0.6602489
#76
7.613756
-0.1253502
0.8084645
0.1862771
0.5440344
#77
7.715039
-0.1253502
0.8084645
0.1862771
0.5440344
#78
7.800275
-0.1207355
0.8028932
0.1739583
0.5572468
#79
7.901113
-0.07741786
0.8582572
0.1359345
0.4887974
#80
8.002392
-0.03741994
0.9177938
0.08918182
0.3850985
#81
8.105128
-0.01150047
0.9594774
0.03958486
0.278754
#82
8.208292
-0.006916936
0.9819695
0.03665067
0.1853232
#83
8.310796
-0.0101072
0.9821708
0.1793762
0.05534179
#84
8.41335
0.01994881
0.9521148
0.2983746
-0.06365675
#85
8.515309
0.0431677
0.9356551
0.3278909
-0.1231815
#86
8.600773
0.09264853
0.9058763
0.318121
-0.2638245
#87
8.704247
0.1003621
0.8992602
0.3144759
-0.2869906
#88
8.805941
0.1003621
0.8992602
0.3144759
-0.2869906
#89
8.905955
0.08690941
0.9128848
0.271709
-0.2919973
#90
9.008039
0.07512329
0.9246709
0.2536119
-0.2739001
#91
9.109964
0.06401053
0.9358661
0.2370277
-0.2527353
#92
9.21052
0.06005692
0.9398092
0.2295352
-0.2458971
#93
9.312138
0.06005692
0.9398092
0.2295352
-0.2458971
#94
9.413844
0.06069103
0.9391957
0.2313404
-0.2463934
#95
9.515334
0.0663274
0.9336589
0.2462475
-0.2514834
#96
9.600665
0.06863274
0.9313673
0.2528287
-0.2528285
#97
9.70303
0.06863274
0.9313673
0.2528287
-0.2528285
#98
9.805272
0.06863274
0.9313673
0.2528287
-0.2528285
#99
9.907213
0.06863274
0.9313673
0.2528287
-0.2528285
#100
10.00853
0.06929573
0.9307035
0.2546116
-0.2533025
#101
10.10942
0.1000865
0.8914437
0.2407386
-0.3706156
#102
10.21078
0.08587566
0.7718531
0.1067602
-0.6208627
#103
10.31219
-0.036972
0.6678171
-0.03324596
-0.7426628
#104
10.41365
-0.05003049
0.6680959
-0.04510698
-0.7410197
#105
10.51671
-0.05003049
0.6680959
-0.04510698
-0.7410197
#106
10.60175
-0.05078684
0.6380424
-0.04223898
-0.7671626
#107
10.7047
-0.005704214
0.4903227
-0.003209241
-0.8715164
#108
10.80829
0.05667373
0.4296612
0.02703195
-0.9008045
#109
10.91668
0.09235527
0.4082111
0.04155451
-0.9072527
#110
11.00172
0.2001752
0.3488475
0.07653952
-0.912347
#111
11.10487
0.2783844
0.2777297
0.08444691
-0.9155529
#112
11.20653
0.2825126
0.2511017
0.07688931
-0.9226173
#113
11.31361
0.2185897
0.0848199
0.0190761
-0.9719363
#114
11.4019
0.1367174
-0.1498073
-0.02092074
-0.9789936
#115
11.50485
0.04306147
-0.2999837
-0.01355659
-0.9528755
#116
11.60771
0.03995939
-0.2987789
-0.01252253
-0.9534032
#117
11.70875
0.03935149
-0.2975385
-0.01227547
-0.9538195
#118
11.81071
0.05116632
-0.4150275
-0.02338529
-0.9080679
#119
11.91286
0.118206
-0.5445777
-0.07786854
-0.8266796
#120
12.01705
0.1296353
-0.5625081
-0.08984748
-0.8116075
#121
12.10305
0.1316439
-0.5586076
-0.09034962
-0.8139192
#122
12.20611
0.1369632
-0.5184373
-0.08454897
-0.8398306
#123
12.3073
0.13364
-0.5017647
-0.07879857
-0.8509779
#124
12.40907
0.1306049
-0.4859157
-0.07370471
-0.8610435
#125
12.5096
0.1279278
-0.4844618
-0.0718631
-0.8624192
#126
12.6106
0.1273633
-0.4845087
-0.07154601
-0.8625028
#127
12.71202
0.1273633
-0.4845087
-0.07154601
-0.8625028
#128
12.81523
0.1273633
-0.4845087
-0.07154601
-0.8625028
#129
12.90107
0.1273633
-0.4845087
-0.07154601
-0.8625028
#130
13.00423
0.1273633
-0.4845087
-0.07154601
-0.8625028
#131
13.10625
0.1273165
-0.4850731
-0.07162935
-0.8621855
#132
13.20734
0.1272226
-0.4862014
-0.07179596
-0.8615498
#133
13.3084
0.1280181
-0.5028269
-0.07559664
-0.8515055
#134
13.41062
0.1216579
-0.5733142
-0.0865777
-0.8056143
#135
13.51266
0.1113923
-0.6400161
-0.09450936
-0.7543468
#136
13.61534
0.1018898
-0.6421306
-0.08667681
-0.7548337
#137
13.70064
0.08454418
-0.6390259
-0.07097249
-0.7612235
#138
13.80251
0.0625753
-0.618146
-0.04946339
-0.782006
#139
13.90547
0.05660633
-0.6154375
-0.04438504
-0.7848964
#140
14.00747
0.05000285
-0.6142495
-0.03904894
-0.7865573
#141
14.10835
0.04730712
-0.6169453
-0.03719362
-0.784702
#142
14.2106
0.04730712
-0.6169453
-0.03719362
-0.784702
#143
14.31303
0.04427074
-0.6160585
-0.03471268
-0.7856889
#144
14.40002
0.04259607
-0.6192063
-0.0336705
-0.7833489
#145
14.50354
0.04310876
-0.6191841
-0.03407577
-0.7833208
#146
14.60048
0.04823462
-0.6189479
-0.03812756
-0.7830219
#147
14.70216
0.05847993
-0.6183957
-0.04622607
-0.7823235
#148
14.8035
0.07331736
-0.617407
-0.05795447
-0.7810726
#149
14.90541
0.1054554
-0.6324112
-0.08747308
-0.7624196
#150
15.00704
0.08761253
-0.8342505
-0.1388573
-0.5263733
#151
15.11335
0.05274782
-0.930626
-0.1486457
-0.3302383
#152
15.21537
0.02974368
-0.9695109
-0.1516047
-0.1902107
#153
15.30067
-0.0143981
-0.9855325
-0.1251571
0.1133759
#154
15.40503
-0.03358029
-0.9500307
-0.1099223
0.290226
#155
15.50686
-0.03358029
-0.9500307
-0.1099223
0.290226
#156
15.60744
-0.03125816
-0.9490133
-0.09974531
0.2974015
#157
15.71417
-0.01328801
-0.9614733
-0.04723415
0.2704837
#158
15.81638
-0.009115031
-0.9719248
-0.03818702
0.2319931
#159
15.90068
-0.006509169
-0.9794868
-0.03206507
0.1988346
#160
16.00433
-0.004213331
-0.9805564
-0.02118178
0.1950454
#161
16.10723
-0.003052543
-0.9791118
-0.01474013
0.2027649
#162
16.20931
-0.003052543
-0.9791118
-0.01474013
0.2027649
#163
16.31205
-0.003052543
-0.9791118
-0.01474013
0.2027649
#164
16.41626
-0.00319532
-0.9789689
-0.01537886
0.2034038
#165
16.50255
-0.003994059
-0.978901
-0.01922314
0.2033897
#166
16.60395
-0.00566178
-0.978184
-0.02689601
0.205914
