#0
0
0
0
0
1
#1
0.3557726
0
0
0
1
#2
0.3876625
0.0006544979
-0.001308996
8.567362E-07
0.9999989
#3
0.4048821
0.0006544979
-0.001308996
8.567362E-07
0.9999989
#4
0.4221388
0.0006544979
-0.001308996
8.567362E-07
0.9999989
#5
0.513757
0.0006544979
-0.001308996
8.567362E-07
0.9999989
#6
0.615391
0.0006544979
-0.001308996
8.567362E-07
0.9999989
#7
0.7009647
0.0006544979
-0.001308996
8.567362E-07
0.9999989
#8
0.8032805
0.0006544979
-0.001308996
8.567362E-07
0.9999989
#9
0.9034625
0.05625618
-0.005881124
0.0003313801
0.998399
#10
1.010587
0.1336599
-0.04020317
0.005426751
0.9901966
#11
1.113953
0.06827329
-0.1728018
0.01200771
0.9825142
#12
1.215676
-0.1676659
-0.4822797
-0.09461951
0.8546003
#13
1.300239
-0.1770618
-0.4867013
-0.1014556
0.8493985
#14
1.405804
-0.1770618
-0.4867013
-0.1014556
0.8493985
#15
1.512039
-0.1770618
-0.4867013
-0.1014556
0.8493985
#16
1.614612
-0.1616343
-0.506523
-0.09731177
0.8413318
#17
1.718746
-0.08787893
-0.7207532
-0.09296999
0.6812845
#18
1.803537
-0.07989435
-0.7504828
-0.09231391
0.6495157
#19
1.907116
-0.07989435
-0.7504828
-0.09231391
0.6495157
#20
2.008667
-0.07983391
-0.7509078
-0.09236619
0.6490244
#21
2.110131
-0.08013705
-0.7516961
-0.09296261
0.6479886
#22
2.211219
-0.07724922
-0.8325311
-0.120155
0.5352452
#23
2.313799
-0.04355853
-0.9536102
-0.1696492
0.2448456
#24
2.416985
-0.03558719
-0.9636673
-0.1668873
0.2054932
#25
2.502153
-0.03523595
-0.9638028
-0.163664
0.2075014
#26
2.604197
-0.002916891
-0.9931242
-0.1142497
0.02535529
#27
2.713013
0.00439804
-0.6652187
-0.00391851
-0.7466253
#28
2.815464
0.004701233
-0.6025012
-0.003549068
-0.7980963
#29
2.901647
0.004696583
-0.6035454
-0.00355522
-0.7973068
#30
3.004051
-0.005867436
-0.6647211
0.005220812
-0.7470503
#31
3.106712
0.02571762
-0.5482163
-0.01686924
-0.8357708
#32
3.207525
0.06146371
-0.3410836
-0.0223558
-0.937755
#33
3.308714
0.06993706
-0.2669533
-0.01942817
-0.9609721
#34
3.409852
0.0736339
-0.2022136
-0.01524888
-0.9764503
#35
3.510506
0.02944323
-0.0183177
-0.0005396568
-0.9993985
#36
3.611193
-0.0273115
0.1122934
-0.003087604
-0.9932949
#37
3.71272
-0.02223396
0.03924972
-0.0008735663
-0.9989817
#38
3.814435
-0.00195813
-0.07389124
0.0001450856
-0.9972644
#39
3.915972
0.006516289
-0.09345493
-0.0006116694
-0.9956021
#40
4.00239
0.008471135
-0.09345354
-0.0007951664
-0.9955873
#41
4.103925
0.02608514
-0.08364952
-0.002190439
-0.9961514
#42
4.205287
0.04825201
-0.08162547
-0.003956451
-0.9954865
#43
4.307665
0.05542065
-0.08094359
-0.004507734
-0.9951665
#44
4.409357
0.05607197
-0.08094062
-0.00456071
-0.99513
#45
4.513275
0.0638859
-0.08090231
-0.00519627
-0.994659
#46
4.615646
0.07172897
-0.07500162
-0.005409076
-0.9945856
#47
4.700995
0.07640934
-0.04892417
-0.003753772
-0.9958685
#48
4.802517
0.03362149
0.4635414
0.0176049
-0.8852621
#49
4.904499
0.02139315
0.744511
0.02388496
-0.6668397
#50
5.007658
0.02137752
0.7449473
0.02389895
-0.6663523
#51
5.10807
0.02137752
0.7449473
0.02389895
-0.6663523
#52
5.210456
0.01680311
0.7524571
0.01921096
-0.6581465
#53
5.31537
0.01407067
0.9305208
0.0359503
-0.3641987
#54
5.402587
0.009869844
0.9660469
0.03732283
-0.2554665
#55
5.508419
0.006581739
0.9863319
0.04069287
-0.1595311
#56
5.612502
0.002130514
0.9978147
0.05163839
-0.04116818
#57
5.714382
-0.005697233
0.9932833
0.0559679
0.1011109
#58
5.800667
-0.01135821
0.9782935
0.05576563
0.1992564
#59
5.902028
-0.02777142
0.8951038
0.05631513
0.4414143
#60
6.004755
-0.03074591
0.872964
0.05549586
0.4836411
#61
6.107813
-0.03074591
0.872964
0.05549586
0.4836411
#62
6.207806
-0.02708302
0.8937634
0.05446917
0.4443948
#63
6.309364
-0.02451324
0.6931584
0.02359999
0.7199816
#64
6.410552
0.003413665
0.4943187
-0.001941209
0.8692719
#65
6.510821
0.0052467
0.4545676
-0.002677668
0.8906928
#66
6.612103
-0.02017239
0.3570652
0.007713243
0.9338298
#67
6.71438
-0.05263466
0.2451598
0.01333102
0.967961
#68
6.815495
-0.062603
0.1619259
0.01029391
0.9847614
#69
6.91609
-0.01767037
-0.003922492
-6.932324E-05
0.9998362
#70
7.001988
-0.01243019
-0.02813388
-0.0003498751
0.9995269
#71
7.105536
-0.01243019
-0.02813388
-0.0003498751
0.9995269
#72
7.207259
-0.003926238
-0.0189751
-7.451476E-05
0.9998122
#73
7.307831
-0.06141841
-0.2074977
-0.01305464
0.9762183
#74
7.408994
-0.06714896
-0.2086947
-0.0143646
0.9755671
#75
7.51396
-0.08744791
-0.1789455
-0.01597046
0.9798349
#76
7.600988
-0.1011391
-0.1658854
-0.01710601
0.9807958
#77
7.703632
-0.1081977
-0.165758
-0.01829985
0.9800422
#78
7.816567
-0.1280158
-0.1672724
-0.02191047
0.9773187
#79
7.906219
-0.1337704
-0.1671405
-0.0228954
0.9765477
#80
8.008605
-0.1376042
-0.1670493
-0.02355158
0.9760149
#81
8.110545
-0.1376042
-0.1670493
-0.02355158
0.9760149
#82
8.212827
-0.1366961
-0.1779143
-0.02496464
0.9741855
#83
8.300914
-0.07737243
-0.3963282
-0.03354184
0.9142278
#84
8.406873
0.001774597
-0.7352059
0.001924786
0.6778387
#85
8.508069
0.01166232
-0.7712153
0.01413486
0.6363106
#86
8.6104
0.01165306
-0.7716317
0.01414249
0.6358055
#87
8.71099
0.01377742
-0.7529659
0.01577241
0.6577262
#88
8.811703
0.009723577
-0.7632851
0.01149097
0.6458864
#89
8.915501
-0.007831515
-0.8539069
-0.01285521
0.5202081
#90
9.000076
-0.0103089
-0.8859828
-0.01971896
0.463184
#91
9.10276
-0.01393808
-0.9403014
-0.03879379
0.3378374
#92
9.213763
-0.00718572
-0.9900804
-0.05513739
0.1290312
#93
9.30644
-0.0006843029
-0.9980463
-0.06148022
0.01110871
#94
9.401287
0.003076111
-0.996893
-0.05944459
-0.05158675
#95
9.514728
0.01638184
-0.9596785
-0.05722549
-0.2747255
#96
9.600536
0.02716191
-0.8882392
-0.05296558
-0.4555086
#97
9.704125
0.03397099
-0.8196959
-0.04887836
-0.5696977
#98
9.805717
0.03397099
-0.8196959
-0.04887836
-0.5696977
#99
9.90805
0.03397099
-0.8196959
-0.04887836
-0.5696977
#100
10.00844
0.0440865
-0.7793007
-0.05517742
-0.6226575
#101
10.10951
0.08370672
-0.6084405
-0.06475501
-0.7865114
#102
10.21094
0.08920628
-0.5350187
-0.0569409
-0.8381855
#103
10.31437
0.08842976
-0.4030502
-0.03916434
-0.9100533
#104
10.40104
0.07303725
-0.2372317
-0.01788959
-0.9685385
#105
10.50132
0.07456564
-0.1288712
-0.009718143
-0.9888062
#106
10.60386
0.07514396
0.03718401
0.002804037
-0.9964753
#107
10.7054
0.07777423
0.2212578
0.01770481
-0.9719479
#108
10.81172
0.1116087
0.4423194
0.05558384
-0.8881484
#109
10.91466
0.1163935
0.5026916
0.06852503
-0.853849
#110
11.0021
0.1184573
0.5239871
0.07387473
-0.8402071
#111
11.10469
0.09858272
0.4471443
0.04966143
-0.8876244
#112
11.20791
0.09888404
0.4196937
0.0460566
-0.9010871
#113
11.30974
0.09947844
0.4078627
0.04475828
-0.9065036
#114
11.41331
0.0995077
0.4072696
0.04469319
-0.9067702
#115
11.51584
0.0995077
0.4072696
0.04469319
-0.9067702
#116
11.60024
0.0995077
0.4072696
0.04469319
-0.9067702
#117
11.70257
0.09968241
0.4037062
0.04430215
-0.9083623
#118
11.80507
0.1047088
0.3981139
0.04579931
-0.9101889
#119
11.90908
0.1249211
0.3767695
0.05135981
-0.9164069
#120
12.00996
0.1358954
0.3629613
0.05359745
-0.920282
#121
12.11161
0.1444502
0.3504312
0.05479774
-0.9237583
#122
12.21246
0.1440154
0.3576751
0.05593048
-0.9209777
#123
12.31368
0.1429663
0.3744917
0.05856013
-0.9142687
#124
12.4159
0.1421083
0.3876175
0.06061264
-0.9087816
#125
12.50256
0.1417085
0.3935572
0.06154144
-0.9062252
#126
12.60547
0.1417085
0.3935572
0.06154144
-0.9062252
#127
12.71387
0.1417085
0.3935572
0.06154144
-0.9062252
#128
12.8043
0.1416682
0.39415
0.06163414
-0.9059675
#129
12.91046
0.1422612
0.3941095
0.0618921
-0.9058746
#130
13.01333
0.1447555
0.3921674
0.06263955
-0.9062709
#131
13.11557
0.1586934
0.3870352
0.06780952
-0.9057715
#132
13.20085
0.1717667
0.3854276
0.07326286
-0.903645
#133
13.30228
0.1747229
0.3851858
0.07452376
-0.9030781
#134
13.40462
0.1964075
0.32887
0.07012849
-0.9210595
#135
13.5086
0.2179752
0.03830366
0.008561884
-0.9751648
#136
13.60935
0.2240792
-0.09551058
-0.02207231
-0.9696283
#137
13.71133
0.2212406
-0.2075074
-0.04824076
-0.951665
#138
13.81336
0.2048177
-0.3696613
-0.08390018
-0.9024195
#139
13.90168
0.1608232
-0.5513642
-0.1092981
-0.8112875
#140
14.0023
0.1366152
-0.6326523
-0.1146873
-0.7536141
#141
14.10735
0.09145077
-0.8013368
-0.1269193
-0.5773974
#142
14.21198
0.03494971
-0.9557997
-0.1271065
-0.2628106
#143
14.31437
0.03570654
-0.9545023
-0.1275697
-0.2671635
#144
14.40001
0.0353344
-0.9541299
-0.1249783
-0.2697556
#145
14.50055
0.04678037
-0.924978
-0.1211598
-0.3571383
#146
14.60524
0.08563703
-0.8279132
-0.1316841
-0.5384099
#147
14.70838
0.09541476
-0.8057619
-0.1351998
-0.5686517
#148
14.81019
0.09578691
-0.8056732
-0.1357271
-0.5685892
#149
14.91586
0.1016063
-0.8087215
-0.1466051
-0.5604933
#150
15.00575
0.1085763
-0.8091834
-0.1582056
-0.5553417
#151
15.10732
0.1094573
-0.8095969
-0.1599375
-0.5540686
#152
15.22927
0.1140109
-0.8108723
-0.1684772
-0.5487286
#153
15.31672
0.1159595
-0.8118818
-0.1725709
-0.5455461
#154
15.40415
0.118235
-0.8127464
-0.1772074
-0.5422743
#155
15.50626
0.1212959
-0.8139219
-0.1836119
-0.537685
#156
15.60841
0.1198985
-0.8293262
-0.1950895
-0.5096888
#157
15.71056
0.03693289
-0.9630566
-0.1909088
-0.1863113
#158
15.80234
0.01980585
-0.9775075
-0.1805087
-0.1072544
#159
15.90853
-0.001735373
-0.9861593
-0.165469
0.01034245
#160
16.01196
-0.02520329
-0.9735914
-0.1340148
0.183097
#161
16.10445
-0.04834281
-0.8859343
-0.09487467
0.4514224
#162
16.20782
-0.05105455
-0.8725689
-0.09344337
0.4767445
#163
16.30432
-0.04842839
-0.8798901
-0.09189808
0.4636839
#164
16.4071
-0.05511713
-0.8594846
-0.09488811
0.4992441
#165
16.50644
-0.08449379
-0.777571
-0.1070326
0.6138308
#166
16.61724
-0.100001
-0.6909469
-0.0974138
0.7092974
#167
16.7043
-0.1064547
-0.6322855
-0.08829942
0.7622898
#168
16.81752
-0.1116627
-0.5457019
-0.07366065
0.8272333
#169
16.90935
-0.1198203
-0.4406268
-0.05947725
0.8876675
#170
17.00443
-0.1393131
-0.2976724
-0.04395648
0.9434251
#171
17.10921
-0.1541786
-0.2417547
-0.03893927
0.9572186
#172
17.21593
-0.1712568
-0.2222708
-0.03969257
0.9590054
#173
17.30147
-0.1775835
-0.2207519
-0.04091398
0.9581538
#174
17.41653
-0.2088383
-0.219295
-0.04811487
0.9518304
#175
17.51557
-0.2195145
-0.2168813
-0.05012088
0.9498757
#176
17.60165
-0.2195145
-0.2168813
-0.05012088
0.9498757
#177
17.70557
-0.2195145
-0.2168813
-0.05012088
0.9498757
