#0
0
0
0
0
1
#1
0.3733333
0
0
0
1
#2
0.4197076
0
0
0
1
#3
0.4795987
0
0
0
1
#4
0.5116326
0
0
0
1
#5
0.5441837
0
0
0
1
#6
0.6369205
0
0
0
1
#7
0.7204391
0
0
0
1
#8
0.824127
0
0
0
1
#9
0.9081264
0
0
0
1
#10
1.012634
0
0
0
1
#11
1.107852
0
0
0
1
#12
1.206796
0
0
0
1
#13
1.318478
0
0
0
1
#14
1.416405
0
0
0
1
#15
1.507969
0
0
0
1
#16
1.607088
0
0
0
1
#17
1.700949
0
0
0
1
#18
1.817594
0.1051161
0.0344891
-0.003647775
0.9938551
#19
1.909653
0.1695933
0.0676688
-0.01167323
0.983119
#20
2.000971
0.1976774
0.07754054
-0.01568774
0.9770696
#21
2.111154
0.2052073
-0.0365029
0.007659104
0.9780076
#22
2.224069
-0.03838789
-0.3991987
-0.01673138
0.9159077
#23
2.302977
-0.1485537
-0.4848272
-0.08396208
0.8578023
#24
2.408629
-0.1781505
-0.5125742
-0.1096525
0.8327703
#25
2.518457
-0.1786955
-0.5125023
-0.1099879
0.8326536
#26
2.608204
-0.1788393
-0.511412
-0.1097539
0.8333237
#27
2.724166
-0.1833206
-0.5177443
-0.1146626
0.8277602
#28
2.815229
-0.1839291
-0.555702
-0.1276556
0.8006681
#29
2.923317
-0.1850786
-0.6149989
-0.1514851
0.7513818
#30
3.016516
-0.1837979
-0.6301909
-0.1569782
0.7378588
#31
3.115231
-0.1786699
-0.6535263
-0.162791
0.7172723
#32
3.209366
-0.1650131
-0.7205834
-0.183507
0.6479626
#33
3.344049
-0.1645836
-0.7261257
-0.1864374
0.6410109
#34
3.43001
-0.1643505
-0.7242667
-0.1849499
0.6435994
#35
3.502582
-0.1682613
-0.7118022
-0.1822633
0.6571195
#36
3.751959
-0.1127279
-0.8684386
-0.2308708
0.4240348
#37
3.786335
-0.1090876
-0.874992
-0.232613
0.4103417
#38
3.827998
-0.1043459
-0.8831368
-0.2347783
0.3925053
#39
3.909592
-0.08440029
-0.908897
-0.2251398
0.3407269
#40
4.099035
-0.007149034
-0.9908777
-0.1212257
0.05843498
#41
4.15258
-0.006831646
-0.9910273
-0.121244
0.0558407
#42
4.20041
-0.006831646
-0.9910273
-0.121244
0.0558407
#43
4.335962
-0.03048567
-0.9602622
-0.1162045
0.25192
#44
4.410938
-0.02658016
-0.9683446
-0.1178257
0.2184477
#45
4.529024
0.01404252
-0.9859521
-0.1193133
-0.1160411
#46
4.685198
0.04185344
-0.9435915
-0.131144
-0.3011388
#47
4.758977
0.05820516
-0.8975878
-0.1247502
-0.4187908
#48
4.819444
0.06374612
-0.8570993
-0.1094169
-0.4993448
#49
4.927745
0.0700651
-0.7767087
-0.08780826
-0.6197614
#50
5.009281
0.07645418
-0.7244078
-0.0814154
-0.6802645
#51
5.173545
0.07645418
-0.7244078
-0.0814154
-0.6802645
#52
5.209948
0.07159479
-0.7431536
-0.08056828
-0.660383
#53
5.311903
0.08796082
-0.5290748
-0.05525794
-0.8421931
#54
5.400263
0.07817876
-0.3552834
-0.02983399
-0.9310058
#55
5.520843
0.07337881
-0.2523952
-0.01919921
-0.9646469
#56
5.618507
0.06473587
-0.1985054
-0.01314122
-0.9778712
#57
5.715952
0.08902892
-0.2570879
-0.02379275
-0.9619842
#58
5.803615
0.1019874
-0.2655284
-0.02825963
-0.9582769
#59
5.907197
0.1267684
-0.2877261
-0.03845476
-0.9485066
#60
6.019364
0.152422
-0.2939712
-0.04754713
-0.9423841
#61
6.104356
0.1584891
-0.2955014
-0.04978141
-0.940788
#62
6.207436
0.19406
-0.3115978
-0.06516712
-0.9279013
#63
6.317374
0.1988282
-0.3124654
-0.06705809
-0.9264643
#64
6.404891
0.1988282
-0.3124654
-0.06705809
-0.9264643
#65
6.515526
0.1988282
-0.3124654
-0.06705809
-0.9264643
#66
6.612891
0.2159423
-0.3165652
-0.0742497
-0.9206749
#67
6.717336
0.2447549
-0.3140768
-0.08415662
-0.9134377
#68
6.803123
0.246548
-0.313911
-0.08477316
-0.9129554
#69
6.902295
0.246548
-0.313911
-0.08477316
-0.9129554
#70
7.000718
0.246548
-0.313911
-0.08477316
-0.9129554
#71
7.104229
0.2123761
-0.01151254
-0.002502247
-0.977117
#72
7.203176
0.1382551
0.6828938
0.1339784
-0.7046924
#73
7.322655
0.1273896
0.7119932
0.1338891
-0.67743
#74
7.404122
0.1302041
0.7019919
0.13296
-0.6874416
#75
7.525392
0.1226233
0.746332
0.1433832
-0.6382737
#76
7.604469
0.05877102
0.9331787
0.1792797
-0.3059124
#77
7.716872
0.01146955
0.9798897
0.1902494
-0.05907452
#78
7.813621
0.005688401
0.9807409
0.1930804
-0.02889391
#79
7.901895
0.008706506
0.9772896
0.2077293
-0.04096089
#80
8.002202
0.00938626
0.9771503
0.2076997
-0.04415888
#81
8.115549
0.01135834
0.9782931
0.1992583
-0.05576576
#82
8.2328
-0.04574812
0.945782
0.1529715
0.2828484
#83
8.333068
-0.06569158
0.8879597
0.1340931
0.4350072
#84
8.403616
-0.07449041
0.856963
0.1294122
0.4932727
#85
8.519629
-0.09092227
0.815846
0.1335999
0.5552293
#86
8.606089
-0.09246432
0.8151302
0.1356748
0.5555227
#87
8.708411
-0.08503671
0.8316752
0.1328406
0.5323893
#88
8.80056
-0.07726031
0.8435852
0.1262628
0.5161905
#89
8.902893
-0.07052282
0.8618799
0.1249666
0.4863876
#90
9.012525
-0.07084116
0.8617979
0.1255307
0.4863414
#91
9.108205
-0.07640023
0.8576487
0.1335375
0.4906828
#92
9.207038
-0.07689688
0.8569179
0.1339982
0.4917551
#93
9.30162
-0.08089349
0.854319
0.1399001
0.4939872
#94
9.419651
-0.08195595
0.8537191
0.1415236
0.4943864
#95
9.515635
-0.08463898
0.8526428
0.1459363
0.4945089
#96
9.611345
-0.08819697
0.8515701
0.1520711
0.4938867
#97
9.711329
-0.09142753
0.8505566
0.1576413
0.4932989
#98
9.808858
-0.09207319
0.8503495
0.1587546
0.4931788
#99
9.902937
-0.1146449
0.7061306
0.1175324
0.6887832
#100
10.01126
-0.1122377
0.1142007
0.01298629
0.9870118
#101
10.10313
-0.1168855
0.1044497
0.01236244
0.9875603
#102
10.21254
-0.1168855
0.1044497
0.01236244
0.9875603
#103
10.31994
-0.1187761
0.03183775
0.003810511
0.9924032
#104
10.43885
-0.1511686
-0.2387595
-0.03765562
0.9585009
#105
10.51924
-0.160033
-0.3119411
-0.05339111
0.9350035
#106
10.64666
-0.1668464
-0.4470946
-0.08528785
0.8746397
#107
10.73849
-0.1603201
-0.5308779
-0.103072
0.8257375
#108
10.81308
-0.1369086
-0.6140677
-0.1092439
0.7695731
#109
10.92758
-0.09118819
-0.7250756
-0.09787299
0.6755524
#110
11.00896
-0.08363169
-0.7230713
-0.08894212
0.6798992
#111
11.13002
-0.08028468
-0.4276301
-0.03816497
0.8995723
#112
11.21478
-0.07312077
-0.1939083
-0.01449496
0.9781834
#113
11.32501
-0.1062376
0.167721
0.01818331
0.9799248
#114
11.41308
-0.1144221
0.5133711
0.06929645
0.8476767
#115
11.51361
-0.1333948
0.6282848
0.1105009
0.7584548
#116
11.60407
-0.1503839
0.6361468
0.1282697
0.7458209
#117
11.7003
-0.2969925
0.3323271
0.1111144
0.8882611
#118
11.8332
-0.251885
0.3074881
0.08476849
0.9136845
#119
11.91299
-0.1271031
0.5516969
0.08553041
0.8198535
#120
12.00986
-0.09146649
0.633907
0.07586933
0.764225
#121
12.11506
-0.09091686
0.6344566
0.07551396
0.7638695
#122
12.20366
-0.0908674
0.6349566
0.07557346
0.7634539
#123
12.30511
-0.07782838
0.7202812
0.08190646
0.6844188
#124
12.40999
-0.07981829
0.7450483
0.09065551
0.655983
#125
12.53462
-0.0893537
0.7402927
0.1004204
0.6587098
#126
12.62029
-0.09462993
0.7280098
0.102639
0.671202
#127
12.72599
-0.09583249
0.7200522
0.1015171
0.6797317
#128
12.81337
-0.0997442
0.6928106
0.09767643
0.7074772
#129
12.92029
-0.1013921
0.6907632
0.09877142
0.709091
#130
13.03589
-0.1090892
0.6878346
0.1057142
0.7097941
#131
13.12494
-0.1128042
0.6872717
0.1093142
0.7092131
#132
13.20207
-0.116516
0.6866899
0.1129113
0.7086129
#133
13.30889
-0.1197613
0.6861654
0.1160561
0.7080716
#134
13.41226
-0.1253187
0.6852327
0.1214416
0.7071092
#135
13.52673
-0.1314138
0.6837126
0.1271815
0.7064648
#136
13.60756
-0.1353714
0.6767104
0.1286304
0.712174
#137
13.73423
-0.1855498
0.3121784
0.06230856
0.9296417
#138
13.81147
-0.1915079
-0.2026376
-0.040445
0.9594931
#139
13.91046
-0.1718614
-0.3842559
-0.07304009
0.9041439
#140
14.0105
-0.1696306
-0.6054538
-0.1340873
0.765945
#141
14.11588
-0.1274698
-0.7779152
-0.1674808
0.5920723
#142
14.20278
-0.1218093
-0.7972416
-0.1716416
0.5657805
#143
14.34973
-0.1249519
-0.7901855
-0.1717466
0.5748889
#144
14.4464
-0.1151928
-0.857025
-0.2182538
0.4523318
#145
14.5133
-0.08931725
-0.9052051
-0.2368429
0.3413673
#146
14.62763
-0.02892782
-0.9610953
-0.2514664
0.1105611
#147
14.72734
0.001269271
-0.9810188
-0.1938021
-0.006424999
#148
14.82933
-0.00562061
-0.989817
-0.1362481
0.04083268
#149
14.92787
-0.0229751
-0.9760348
-0.1291473
0.173635
#150
15.0286
-0.02997263
-0.9674841
-0.1383394
0.2096152
#151
15.10776
-0.03139888
-0.9659159
-0.1413423
0.2145761
#152
15.22681
-0.02888959
-0.9668556
-0.1272889
0.2194383
#153
15.31336
-0.02698468
-0.9669767
-0.1157329
0.2254636
#154
15.41207
-0.02691425
-0.9666827
-0.1144144
0.2273974
#155
15.51975
-0.02624278
-0.9669028
-0.1112332
0.2281173
#156
15.61074
-0.02624278
-0.9669028
-0.1112332
0.2281173
#157
15.70998
-0.02669063
-0.9666826
-0.1131315
0.2280653
#158
15.81076
-0.02840197
-0.9659131
-0.1207388
0.2272163
#159
15.90939
-0.02906431
-0.9656612
-0.1239182
0.2264905
#160
16.01159
-0.03063126
-0.9646813
-0.1302157
0.2269266
#161
16.11549
-0.03407828
-0.960444
-0.1360501
0.2405752
#162
16.21629
-0.0344146
-0.9600391
-0.1366338
0.2418096
#163
16.31602
-0.03484239
-0.9594727
-0.1371939
0.243672
#164
16.42823
-0.03330249
-0.9630803
-0.1415713
0.22655
#165
16.52887
0.02784206
-0.9720019
-0.1735775
-0.1559104
#166
16.61009
0.07132002
-0.9038768
-0.1663001
-0.3876396
#167
16.71195
0.1104988
-0.7673779
-0.1375546
-0.6164414
#168
16.82915
0.1168559
-0.7374876
-0.1321967
-0.6519055
#169
16.91587
0.1153599
-0.7467102
-0.1343544
-0.6411435
#170
17.02814
0.07784385
-0.8790954
-0.1540197
-0.444308
#171
17.11083
0.03187332
-0.9616488
-0.1272438
-0.2408835
#172
17.20474
0.03140028
-0.9618967
-0.1253554
-0.2409456
#173
17.31495
0.02310571
-0.9650887
-0.09122775
-0.2444329
#174
17.40769
0.0115373
-0.9868789
-0.08222012
-0.1384809
#175
17.51364
0.01142963
-0.9870593
-0.08223515
-0.1371885
#176
17.6071
0.01056096
-0.9882977
-0.08103581
-0.1287995
#177
17.71982
0.009864178
-0.9890864
-0.07849421
-0.1242961
#178
17.81171
0.01013941
-0.9885576
-0.07780119
-0.1288334
#179
17.91518
0.01029212
-0.9883028
-0.07778113
-0.1307738
#180
18.004
0.01061859
-0.9879414
-0.07905404
-0.1327009
#181
18.10318
0.01110662
-0.9875904
-0.08227938
-0.1333115
#182
18.21294
0.01189169
-0.9870886
-0.0880953
-0.1332438
#183
18.30728
0.01224048
-0.9868546
-0.09067921
-0.1332122
#184
18.41105
0.01258919
-0.9866138
-0.09326246
-0.1331797
#185
18.51143
0.01415726
-0.9854466
-0.104879
-0.1330222
