#0
0
0
0
0
1
#1
0.3733333
0
0
0
1
#2
0.4016068
0
0
0
1
#3
0.4184295
0
0
0
1
#4
0.4350962
0
0
0
1
#5
0.5046009
0
0
0
1
#6
0.6025095
0
0
0
1
#7
0.7041671
0
0
0
1
#8
0.8110129
0
0
0
1
#9
0.914234
0
0
0
1
#10
1.015382
0
0
0
1
#11
1.116636
0
0
0
1
#12
1.201085
0
0
0
1
#13
1.302712
0
0
0
1
#14
1.404383
0
0
0
1
#15
1.506487
0
0
0
1
#16
1.607823
0
0
0
1
#17
1.709319
0
0
0
1
#18
1.812476
0
0
0
1
#19
1.913448
0
0
0
1
#20
2.018454
0
0
0
1
#21
2.104487
0
0
0
1
#22
2.209027
0
0
0
1
#23
2.318866
0
0
0
1
#24
2.412874
0
0
0
1
#25
2.517649
-0.006544197
-0.01505257
-9.852028E-05
0.9998653
#26
2.611082
-0.05421656
-0.05421656
-0.002948127
0.9970519
#27
2.711692
-0.1861895
-0.3452091
-0.07007675
0.9171987
#28
2.81421
-0.1861895
-0.3452091
-0.07007675
0.9171987
#29
2.911363
-0.1861895
-0.3452091
-0.07007675
0.9171987
#30
3.002897
-0.1674749
-0.446466
-0.08547083
0.8748229
#31
3.121054
-0.1170189
-0.7639751
-0.1446999
0.6178273
#32
3.212463
-0.06282068
-0.8760484
-0.1188357
0.4631099
#33
3.31076
-0.0111528
-0.9762265
-0.05180258
0.210176
#34
3.418231
0.0008239411
-0.9991279
-0.02420005
-0.03401739
#35
3.508956
0.005910662
-0.9913557
-0.04805179
-0.1219428
#36
3.610828
0.005910662
-0.9913557
-0.04805179
-0.1219428
#37
3.713706
-0.0001182215
-0.9998559
-0.01505242
0.00785285
#38
3.81525
-0.002766667
-0.9924181
-0.02273773
0.1207548
#39
3.903247
-0.003487868
-0.9898095
-0.02462256
0.1402098
#40
4.005327
-0.003763162
-0.9897593
-0.026566
0.1402027
#41
4.106002
-0.004658065
-0.9906542
-0.03502719
0.1317414
#42
4.207615
-0.005098952
-0.9907657
-0.03892729
0.129777
#43
4.32272
-0.005608116
-0.9908298
-0.04347714
0.1278071
#44
4.411415
-0.005882385
-0.990879
-0.0460787
0.1264951
#45
4.50005
-0.006428729
-0.99074
-0.05062212
0.1258185
#46
4.60469
-0.006477519
-0.9907888
-0.0512748
0.1251659
#47
4.711146
-0.00540423
-0.9937989
-0.05599696
0.09591089
#48
4.800206
0.0002936508
-0.9979332
-0.06409619
-0.004571939
#49
4.904322
0.03578331
-0.8748103
-0.06539346
-0.4786963
#50
5.009542
0.03897832
-0.8472254
-0.06277385
-0.5260698
#51
5.114363
0.04139122
-0.7871583
-0.05314549
-0.6130613
#52
5.216605
0.2277815
-0.7441283
-0.3105128
-0.5458667
#53
5.301778
0.2383418
-0.7349375
-0.3191786
-0.5488034
#54
5.405621
0.2432612
-0.6368022
-0.2222254
-0.6970817
#55
5.510541
0.04912898
-0.4251518
-0.02311837
-0.9034921
#56
5.619315
0.03032579
-0.3752151
-0.01228323
-0.9263602
#57
5.713226
0.03032579
-0.3752151
-0.01228323
-0.9263602
#58
5.813837
0.03041343
-0.3685361
-0.01206458
-0.9290375
#59
5.9017
0.0352973
-0.04642435
-0.00164145
-0.9982967
#60
6.002789
0.05948548
0.03592566
0.002142239
-0.9975802
#61
6.10491
0.08684965
0.0449741
0.003924832
-0.995198
#62
6.206275
0.1238096
0.05971282
0.007464078
-0.9904796
#63
6.312158
0.4027349
0.04131339
0.01819984
-0.9142027
#64
6.414324
0.4697624
-0.03984267
-0.02122934
-0.8816378
#65
6.516469
0.4863713
-0.0588167
-0.03283786
-0.8711517
#66
6.602384
0.49364
-0.1031105
-0.05908177
-0.8615086
#67
6.70196
0.3286778
-0.08760358
-0.03063541
-0.9398713
#68
6.806466
0.02848412
0.4917797
0.01609912
-0.8701047
#69
6.911331
0.01126122
0.7495691
0.01275648
-0.6617074
#70
7.000865
0.01957385
0.7709816
0.02372384
-0.6361144
#71
7.105049
0.04069497
0.7710059
0.04952076
-0.6335941
#72
7.206587
0.04069497
0.7710059
0.04952076
-0.6335941
#73
7.3112
0.04362785
0.8010503
0.05882531
-0.5940999
#74
7.412363
0.02647193
0.9508516
0.08486106
-0.2966129
#75
7.50473
0.01602808
0.9797167
0.08743719
-0.1795915
#76
7.608458
-0.001004579
0.9989901
0.0333579
0.03008476
#77
7.700597
0.03166473
0.906073
-0.06892337
0.4162674
#78
7.803917
0.03004195
0.9009347
-0.06319719
0.428276
#79
7.910827
-0.0230343
0.964137
0.08922795
0.2488931
#80
8.016071
-0.0246524
0.9738725
0.1301584
0.1844545
#81
8.104383
-0.01868344
0.9813164
0.1350778
0.1357319
#82
8.221317
-0.008304412
0.9889619
0.1348114
0.06092029
#83
8.312636
-0.008304412
0.9889619
0.1348114
0.06092029
#84
8.405009
-0.008886323
0.9874403
0.1458123
0.06017813
#85
8.513576
-0.01188277
0.9840999
0.1618138
0.07226719
#86
8.603746
-0.01341417
0.9818345
0.1733446
0.07597865
#87
8.708536
-0.01386148
0.9807964
0.1791251
0.07589832
#88
8.810114
-0.01431505
0.9804102
0.180381
0.07780541
#89
8.914366
-0.04342906
0.9490905
0.1509579
0.2730437
#90
9.00754
-0.05111432
0.9177935
0.125722
0.373144
#91
9.112705
-0.04831896
0.8456401
0.07770331
0.525852
#92
9.200372
-0.04972478
0.8898186
0.1000056
0.4424355
#93
9.305129
-0.02822113
0.9715165
0.1774303
0.1545243
#94
9.41921
-0.0008689199
0.9751902
0.2213339
0.003828433
#95
9.511195
0.001040548
0.9738668
0.2270737
-0.004462672
#96
9.60358
0.002329529
0.9713989
0.2372505
-0.009538027
#97
9.700813
-0.001753493
0.9698469
0.2436085
0.006980951
#98
9.814632
-0.005963201
0.9671652
0.2530544
0.02279115
#99
9.902431
-0.007379139
0.9661994
0.256183
0.02783057
#100
10.00424
-0.01035735
0.9626203
0.2680892
0.03718984
#101
10.11345
-0.01170491
0.960512
0.2749687
0.04088723
#102
10.20278
-0.01304766
0.958708
0.2805728
0.04458343
#103
10.32988
-0.01512695
0.9560075
0.2886356
0.05010287
#104
10.41164
-0.01605456
0.9549236
0.2917216
0.05255311
#105
10.51623
-0.01757724
0.9537132
0.2947676
0.05687072
#106
10.6133
-0.01850447
0.9527861
0.2972159
0.05931985
#107
10.70797
-0.0191281
0.9524731
0.2978025
0.06117813
#108
10.80323
-0.1002075
0.8903616
0.2379472
0.374961
#109
10.91449
-0.1483744
0.6830945
0.144729
0.7003003
#110
11.0101
-0.1430764
0.6156255
0.1149332
0.7663712
#111
11.11674
-0.1430764
0.6156255
0.1149332
0.7663712
#112
11.21039
-0.114882
0.6671818
0.1052236
0.728422
#113
11.30172
-0.07595862
0.7770228
0.09557845
0.6175198
#114
11.41298
-0.07536762
0.7782964
0.09521806
0.6160423
#115
11.51422
-0.09833959
0.7487819
0.1140782
0.6454774
#116
11.60884
-0.1055654
0.7313176
0.11632
0.6637018
#117
11.71046
-0.1055654
0.7313176
0.11632
0.6637018
#118
11.80729
-0.1006076
0.7405487
0.113816
0.654608
#119
11.90656
-0.1001049
0.7410516
0.1133968
0.6541886
#120
12.00247
-0.1001049
0.7410516
0.1133968
0.6541886
#121
12.11622
-0.1001049
0.7410516
0.1133968
0.6541886
#122
12.20576
-0.1001049
0.7410516
0.1133968
0.6541886
#123
12.30476
-0.1001049
0.7410516
0.1133968
0.6541886
#124
12.41986
-0.104848
0.737721
0.1178336
0.6564221
#125
12.52039
-0.1093025
0.7360747
0.1225164
0.6566861
#126
12.60511
-0.1140275
0.7351736
0.1278126
0.6558822
#127
12.71498
-0.1174601
0.7344943
0.1316601
0.6552762
#128
12.80549
-0.1472949
0.5081035
0.08867826
0.8439616
#129
12.92963
-0.1546886
0.1717024
0.02731019
0.9725451
#130
13.02088
-0.1560042
0.1154337
0.01836036
0.9808163
#131
13.10745
-0.1560634
0.1122233
0.01784973
0.9811888
#132
13.20072
-0.1577971
0.1505949
0.02435733
0.9756168
#133
13.31816
-0.2074773
-0.4012865
-0.09384386
0.8871954
#134
13.41012
-0.2117569
-0.5269948
-0.1375175
0.8114952
#135
13.50932
-0.2071441
-0.5532639
-0.1443723
0.793818
#136
13.6056
-0.1205652
-0.7293292
-0.1331992
0.6601523
#137
13.7086
-0.02611632
-0.9014765
-0.05493929
0.4285321
#138
13.81228
-0.01804661
-0.9358022
-0.0484292
0.3487164
#139
13.91024
-0.03684919
-0.9266652
-0.0943315
0.3619879
#140
14.01221
-0.07180366
-0.8518261
-0.1212328
0.5045187
#141
14.10963
-0.07935043
-0.8181016
-0.1164331
0.5575451
#142
14.20395
-0.07935043
-0.8181016
-0.1164331
0.5575451
#143
14.31777
-0.08375811
-0.8216269
-0.1251763
0.5497679
#144
14.41339
-0.09060676
-0.83024
-0.1415427
0.5314674
#145
14.51073
-0.09060676
-0.83024
-0.1415427
0.5314674
#146
14.6121
-0.09234551
-0.8297724
-0.1442589
0.5311682
#147
14.71072
-0.09234551
-0.8297724
-0.1442589
0.5311682
#148
14.8108
-0.09408324
-0.8292958
-0.1469736
0.530863
#149
14.91179
-0.09963718
-0.8277113
-0.1556497
0.5298488
#150
15.00022
-0.1024652
-0.8336723
-0.1652606
0.5168949
#151
15.11739
0.01311397
-0.9863925
-0.0991072
-0.1305205
#152
15.215
0.01549742
-0.963056
-0.05679445
-0.2627877
#153
15.31667
0.01549742
-0.963056
-0.05679445
-0.2627877
#154
15.41787
0.007874005
-0.975141
-0.0351178
-0.2186431
#155
15.50063
0.01296358
-0.9322699
-0.03357387
-0.359969
#156
15.613
0.03270035
-0.8583049
-0.05512808
-0.5091211
#157
15.72272
0.07094207
-0.7867851
-0.09207804
-0.6061832
#158
15.81175
0.1019081
-0.68704
-0.09823912
-0.7126991
#159
15.90185
0.09799104
-0.6420782
-0.083249
-0.7557798
#160
16.00273
0.07596582
-0.5462047
-0.04982871
-0.8327105
#161
16.10421
0.04430074
-0.3395888
-0.01601462
-0.9393937
#162
16.20644
0.05283167
-0.07704245
-0.004088193
-0.9956187
#163
16.31071
0.05348329
-0.07703976
-0.004138616
-0.995584
#164
16.41454
0.06667567
-0.3026628
-0.02123062
-0.9505256
#165
16.5142
0.07637732
-0.1411232
-0.01092079
-0.986981
#166
16.6201
0.05981411
0.1095393
0.006603775
-0.9921592
#167
16.70767
0.1212951
0.1127898
0.01387383
-0.98609
#168
16.81181
0.379843
0.1235576
0.051274
-0.9153271
#169
16.91402
0.3918702
0.1571562
0.06812973
-0.9039348
#170
17.00071
0.403487
0.172592
0.07779234
-0.8951864
#171
17.10118
0.4926946
-0.03870086
-0.0219405
-0.8690644
#172
17.20081
0.5054329
-0.1568582
-0.09401722
-0.8432638
#173
17.31506
0.4887548
-0.2343613
-0.1381872
-0.8289137
#174
17.40342
0.4828693
-0.2379829
-0.1382315
-0.8313203
#175
17.51323
0.4629691
-0.2206218
-0.1201621
-0.8500275
#176
17.6153
0.1965317
0.3108196
0.06585418
-0.9275935
#177
17.70531
0.1412205
0.4170693
0.06577752
-0.8954235
#178
17.82377
0.1294059
0.5289564
0.08200497
-0.8347062
#179
17.90995
0.1392666
0.5424132
0.09174236
-0.8233931
#180
18.00073
0.1534924
0.5112497
0.09337083
-0.8404437
#181
18.10986
0.1702228
0.4296743
0.08283947
-0.8829167
#182
18.21521
0.1717046
0.4260956
0.08272816
-0.8843733
#183
18.31839
0.1794483
0.4230645
0.08588125
-0.8839905
#184
18.40561
0.1852881
0.4219157
0.08852713
-0.8830733
#185
18.50863
0.2014873
0.4145191
0.09465208
-0.8823932
#186
18.61411
0.2142481
0.4074136
0.09894016
-0.882226
#187
18.72196
0.2255412
0.4032718
0.1032613
-0.8808179
