#0
0
0
0
0
1
#1
0.1818747
0
0
0
1
#2
0.2018747
0
0
0
1
#3
0.3104555
0
0
0
1
#4
0.4122163
-0.001308996
-0.001308996
-1.713472E-06
0.9999983
#5
0.5131907
-0.001963493
-0.001308994
-2.570207E-06
0.9999973
#6
0.6162386
-0.006544888
0.003926897
2.570185E-05
0.9999709
#7
0.7144272
-0.0561894
-0.04898997
-0.002760408
0.9972137
#8
0.8074819
-0.107785
-0.1529301
-0.01678233
0.9821981
#9
0.9021959
-0.1181731
-0.2285579
-0.02796216
0.9659268
#10
1.00588
-0.09864925
-0.5602043
-0.06742018
0.8196914
#11
1.114661
-0.08367994
-0.6581496
-0.07396869
0.7445573
#12
1.216318
-0.08367994
-0.6581496
-0.07396869
0.7445573
#13
1.310583
-0.08863298
-0.6474641
-0.07620275
0.7530788
#14
1.412172
-0.08826777
-0.6557523
-0.07761339
0.7457706
#15
1.512881
0.005035528
-0.9865794
-0.1602328
-0.03100456
#16
1.613892
0.0105475
-0.9845729
-0.1625537
-0.06388525
#17
1.715937
0.01686626
-0.9810774
-0.1646161
-0.1005194
#18
1.800616
0.03932529
-0.9137334
-0.09120272
-0.3939885
#19
1.902006
0.04367814
-0.7098852
-0.04419576
-0.7015711
#20
2.005704
0.04593478
-0.7033098
-0.04563509
-0.7079285
#21
2.108094
0.04593478
-0.7033098
-0.04563509
-0.7079285
#22
2.21118
0.08118482
-0.5806177
-0.05833718
-0.8080154
#23
2.312924
0.1486346
-0.2394841
-0.0371276
-0.9587371
#24
2.414086
0.1574819
-0.1627175
-0.02631806
-0.9736682
#25
2.502711
0.1561925
-0.05491877
-0.008698281
-0.9861604
#26
2.603582
0.1538891
0.177449
0.02810516
-0.9716173
#27
2.713545
0.1328007
0.3053745
0.04305348
-0.9419431
#28
2.814426
0.1328007
0.3053745
0.04305348
-0.9419431
#29
2.902569
0.1307427
0.2962208
0.04097231
-0.9452412
#30
3.015639
0.1207055
0.3541509
0.04615332
-0.9262166
#31
3.100137
0.08828964
0.4667363
0.04689503
-0.8787281
#32
3.206511
0.08632215
0.4714233
0.04643116
-0.8764432
#33
3.310023
0.08686515
0.4719665
0.04679657
-0.8760778
#34
3.401861
0.09561507
0.4588667
0.0497476
-0.8819435
#35
3.503576
0.1327321
0.445482
0.06697524
-0.8828603
#36
3.609895
0.1507653
0.4423025
0.07570348
-0.880856
#37
3.706214
0.1733554
0.4328065
0.08520749
-0.8805487
#38
3.80254
0.1855745
0.4247433
0.08941068
-0.8815674
#39
3.915704
0.1960675
0.4116546
0.09116742
-0.8853172
#40
4.005524
0.1638271
0.1389586
0.02331604
-0.9763747
#41
4.101502
0.1537981
-0.02521909
-0.00392666
-0.9877726
#42
4.218285
0.200961
-0.1702042
-0.03548002
-0.9640469
#43
4.305172
0.2126222
-0.379391
-0.0900339
-0.8959621
#44
4.414648
0.2068012
-0.4230277
-0.09980465
-0.8765386
#45
4.508729
0.1131628
-0.6757872
-0.1061276
-0.7205851
#46
4.603672
0.1059043
-0.6846517
-0.1015585
-0.7139484
#47
4.714906
0.1059043
-0.6846517
-0.1015585
-0.7139484
#48
4.816736
0.06000654
-0.8670955
-0.1078104
-0.4826195
#49
4.902708
0.02870927
-0.9596854
-0.1065861
-0.258494
#50
5.01108
0.0156031
-0.9843487
-0.1191193
-0.128937
#51
5.102649
0.0120752
-0.9877055
-0.1201815
-0.09923937
#52
5.21604
-0.007291591
-0.9917182
-0.06565259
0.1101435
#53
5.312077
-0.008952335
-0.9835672
-0.05090113
0.1729868
#54
5.414805
-0.009857167
-0.9692328
-0.03935205
0.24278
#55
5.51287
-0.01684568
-0.9309227
-0.04329062
0.36225
#56
5.607527
-0.01777549
-0.9344872
-0.04713472
0.3524146
#57
5.706201
-0.01925899
-0.9336013
-0.05076636
0.3541758
#58
5.809234
-0.02523869
-0.9221114
-0.06104455
0.3812442
#59
5.902814
-0.03685776
-0.9257749
-0.09362873
0.3644393
#60
6.015544
-0.03846297
-0.9255745
-0.09789435
0.3636609
#61
6.11546
-0.04345561
-0.9219601
-0.1085094
0.3692247
#62
6.20985
-0.05085664
-0.9115986
-0.1188005
0.3902411
#63
6.30149
-0.05310866
-0.9088117
-0.1220687
0.3953984
#64
6.407826
-0.0534477
-0.9084727
-0.1226286
0.3959582
#65
6.502752
-0.05404698
-0.9080521
-0.1237823
0.3964823
#66
6.611796
-0.0630879
-0.9056578
-0.1452656
0.3933213
#67
6.7025
-0.08404248
-0.8709775
-0.1602472
0.4567887
#68
6.811957
-0.1767382
-0.7070274
-0.1899435
0.6578733
#69
6.905847
-0.189792
-0.6852505
-0.1922927
0.6763389
#70
7.013005
-0.1819403
-0.6469753
-0.1629592
0.722333
#71
7.102798
-0.0807979
-0.4293698
-0.03860354
0.8986785
#72
7.214352
-0.01386147
-0.3898835
-0.005869572
0.9207412
#73
7.301294
-0.008986843
-0.4025275
-0.003951964
0.9153553
#74
7.407437
-0.03985257
-0.3488694
-0.01485073
0.9362059
#75
7.502519
-0.1182931
-0.2006663
-0.02441658
0.972185
#76
7.614253
-0.1624344
-0.07419183
-0.01224913
0.9838499
#77
7.716171
-0.2124685
-0.07091922
-0.0154629
0.9744683
#78
7.800113
-0.2596678
-0.08644924
-0.02334604
0.9615374
#79
7.906167
-0.3305298
-0.1540891
-0.05479292
0.9295183
#80
8.002251
-0.3621705
-0.2491839
-0.1011198
0.8924767
#81
8.105672
-0.3591627
-0.358508
-0.1518086
0.8481912
#82
8.213044
-0.3096599
-0.4486168
-0.1691827
0.8211157
#83
8.314795
-0.2084953
-0.5119046
-0.1296507
0.8232096
#84
8.40072
-0.1090415
-0.3577312
-0.04210292
0.9264803
#85
8.503467
-0.06308314
0.1062665
0.006755567
0.9923116
#86
8.600516
-0.08058074
0.2686048
0.02255541
0.959609
#87
8.713388
-0.1081029
0.3650248
0.04271914
0.923713
#88
8.80595
-0.1091222
0.4255992
0.05178586
0.8968143
#89
8.9033
-0.05858352
0.1767709
0.01054085
0.9824505
#90
9.00085
-0.2206786
-0.01276673
-0.002888817
0.9752588
#91
9.120713
-0.3292047
-0.03891983
-0.01358189
0.9433584
#92
9.203677
-0.3961739
-0.08155993
-0.03535753
0.9138622
#93
9.3155
-0.4474367
-0.1747364
-0.08960967
0.8724894
#94
9.414591
-0.4559242
-0.2161195
-0.1151549
0.8556663
#95
9.502156
-0.3883502
-0.1206912
-0.05138584
0.9121279
#96
9.604436
-0.2515202
0.34628
0.09692753
0.8985726
#97
9.715956
-0.2121162
0.5186422
0.1346131
0.8172492
#98
9.816834
-0.194073
0.5646303
0.1386866
0.790123
#99
9.901876
-0.1441554
0.5675643
0.1017376
0.8042011
#100
10.01634
-0.1224463
0.5659084
0.08545944
0.8108337
#101
10.10588
-0.1129372
0.5663441
0.0787128
0.8125908
#102
10.21929
-0.1105702
0.590028
0.08200447
0.7955605
#103
10.31613
-0.122013
0.606059
0.09477098
0.7802716
#104
10.40084
-0.122013
0.606059
0.09477098
0.7802716
#105
10.50495
-0.1222351
0.5913212
0.09127729
0.7918752
#106
10.60268
-0.1177457
0.5758134
0.08425882
0.8046585
#107
10.70113
-0.1169105
0.5738143
0.08319922
0.806317
#108
10.80306
-0.1169105
0.5738143
0.08319922
0.806317
#109
10.90356
-0.1249965
0.5760685
0.08969507
0.8027925
#110
11.00702
-0.1309886
0.577967
0.09464584
0.799899
#111
11.10534
-0.1360276
0.5789028
0.09869383
0.7978894
#112
11.20087
-0.1364849
0.5793602
0.09916206
0.7974212
#113
11.31081
-0.1374632
0.5797515
0.1000103
0.7968626
#114
11.40278
-0.1426077
0.5796054
0.103896
0.7955667
#115
11.50143
-0.1508511
0.5557927
0.1033865
0.810956
#116
11.61461
-0.177614
0.392562
0.07755146
0.899074
#117
11.71286
-0.1796399
0.2900243
0.05552189
0.9383671
#118
11.80271
-0.17589
0.1830889
0.03331421
0.9666599
#119
11.91345
-0.1473778
-0.00194228
-0.0002894097
0.9890783
#120
12.00629
-0.1263944
-0.1532256
-0.01976461
0.9798754
#121
12.1116
-0.1232856
-0.1088872
-0.01361089
0.9862854
#122
12.20527
-0.1207824
0.008445864
0.001027673
0.9926426
#123
12.30425
-0.1199962
0.04806309
0.005816283
0.9915932
#124
12.4124
-0.1197416
0.08048138
0.009739334
0.9894897
#125
12.50768
-0.1196113
0.0927796
0.01122759
0.9884124
#126
12.60241
-0.12089
0.09405836
0.01150728
0.9881327
#127
12.70176
-0.1260622
0.09399682
0.01199961
0.9874862
#128
12.81107
-0.1325142
0.09456202
0.01270128
0.9865783
#129
12.90597
-0.1357335
0.09516534
0.01309951
0.9860773
#130
13.00219
-0.1415216
0.09637615
0.01384511
0.9851353
#131
13.11227
-0.1460241
0.09695601
0.01438208
0.9844134
#132
13.2049
-0.1524639
0.09685981
0.01501635
0.9834366
#133
13.31085
-0.1558062
0.0884435
0.01400809
0.9837205
#134
13.40384
-0.151924
-0.08978668
-0.01385962
0.984208
#135
13.51002
-0.1226538
-0.4576943
-0.06391758
0.8782861
#136
13.61635
-0.1093098
-0.4932023
-0.06263403
0.8607438
#137
13.71483
-0.1093098
-0.4932023
-0.06263403
0.8607438
#138
13.80983
-0.1082123
-0.5005494
-0.06323421
0.8565873
#139
13.90152
-0.04464808
-0.9386069
-0.132957
0.315192
#140
14.00765
-0.01584668
-0.9837756
-0.1393553
0.1118692
#141
14.11589
0.03440482
-0.9617518
-0.143306
-0.2308968
#142
14.21477
0.0359649
-0.9565546
-0.1342224
-0.2563089
#143
14.31343
0.02451907
-0.9749667
-0.1394096
-0.1714751
#144
14.40195
-0.004599379
-0.9700153
-0.2423018
0.01841285
#145
14.51721
-0.02852438
-0.9156362
-0.3955201
0.06603447
#146
14.6032
-0.02916041
-0.9013367
-0.4277454
0.06144623
#147
14.70425
-0.005134991
-0.8870566
-0.4615267
0.00986948
#148
14.81111
0.01078471
-0.8819981
-0.4706961
-0.02020857
#149
14.90258
0.02007324
-0.8808148
-0.4715469
-0.03749532
#150
15.00795
0.03488546
-0.8746232
-0.4793386
-0.06365362
#151
15.10465
0.03883654
-0.8684831
-0.4893653
-0.06892373
#152
15.20634
0.04716968
-0.8554159
-0.5096775
-0.07916711
#153
15.31257
0.04851814
-0.8509446
-0.5168743
-0.07987679
#154
15.4013
0.05363818
-0.8417826
-0.5303556
-0.08513474
#155
15.50566
0.1822624
-0.7982668
-0.4920581
-0.2956846
#156
15.60074
0.2574942
-0.729467
-0.3603273
-0.5212858
#157
15.70599
0.2060276
-0.5453799
-0.1404105
-0.8002489
#158
15.80798
0.1888002
-0.5508304
-0.1295767
-0.8025898
#159
15.90988
0.1886305
-0.5518804
-0.1298237
-0.8018681
#160
16.01078
0.2157783
-0.3825455
-0.09237093
-0.8936254
#161
16.11357
0.2191509
-0.2119498
-0.04883514
-0.951139
#162
16.20481
0.2202272
-0.09748992
-0.02212683
-0.9703124
#163
16.30809
0.2176764
0.06382959
0.01426762
-0.9738271
#164
16.41144
0.209992
0.26429
0.0590759
-0.9394489
#165
16.51745
0.1895488
0.2673571
0.05372666
-0.9432417
#166
16.60211
0.1895488
0.2673571
0.05372666
-0.9432417
#167
16.70407
0.2029479
0.2252006
0.048022
-0.9517304
#168
16.80835
0.204679
0.2504794
0.05427005
-0.9446806
#169
16.91579
0.2042653
0.2677104
0.05818686
-0.9397985
#170
17.0075
0.206976
0.3082508
0.0689023
-0.9259562
#171
17.11106
0.2063843
0.3654051
0.08343739
-0.9038379
#172
17.21685
0.1981234
0.4245634
0.09577696
-0.8782482
#173
17.30177
0.1763781
0.5218826
0.1112868
-0.8271303
#174
17.40475
0.1528662
0.6184822
0.1242869
-0.7606999
#175
17.50546
0.1219172
0.6894033
0.1193907
-0.7039923
#176
17.60672
0.09035659
0.7890859
0.1196905
-0.5956957
#177
17.70817
0.06518221
0.862899
0.1153272
-0.4877051
#178
17.8121
0.05956601
0.877717
0.113217
-0.4617864
#179
17.91224
0.05769308
0.87959
0.1105335
-0.4591029
#180
18.01488
0.05094994
0.8970279
0.1073614
-0.425698
#181
18.10016
0.03160799
0.9564869
0.113208
-0.2670537
#182
18.20457
0.02603075
0.9644491
0.1039215
-0.2415797
#183
18.30612
0.05895678
0.9405702
0.2206091
-0.2513632
#184
18.41083
0.1147418
0.8823276
0.3587249
-0.2822214
#185
18.50353
0.1544883
0.841894
0.4056291
-0.3206446
#186
18.6091
0.2400399
0.7580681
0.4584248
-0.3969388
#187
18.71472
0.1752895
0.7918115
0.5208654
-0.2664723
#188
18.80462
0.07663075
0.8122856
0.5677131
-0.1096435
#189
18.90727
0.02603234
0.810133
0.5845555
-0.03607811
#190
19.01137
0.007657873
0.8108665
0.5850847
-0.01061301
#191
19.11443
0.007657873
0.8108665
0.5850847
-0.01061301
#192
19.21604
0.007657873
0.8108665
0.5850847
-0.01061301
#193
19.30515
0.007692563
0.8089476
0.5877352
-0.0105879
#194
19.41418
0.006242021
0.8027733
0.5961925
-0.008404882
#195
19.50324
0.01486249
0.8408391
0.5405869
-0.02311739
#196
19.60318
0.04015315
0.9217666
0.3726522
-0.09932005
#197
19.71438
0.04068599
0.9222996
0.3707624
-0.1012095
#198
19.80834
0.03596227
0.9257782
0.3651408
-0.09117877
#199
19.91039
0.02040639
0.9195835
0.3893937
-0.04819129
#200
20.00348
0.02008106
0.9181095
0.3930285
-0.04690909
#201
20.11716
0.02051004
0.9144696
0.4014245
-0.04672312
#202
20.20147
0.02060174
0.9136797
0.4032193
-0.04668276
#203
20.31026
0.02060174
0.9136797
0.4032193
-0.04668276
#204
20.41234
0.02060174
0.9136797
0.4032193
-0.04668276
#205
20.51585
0.02063229
0.9134156
0.4038172
-0.04666927
#206
20.60654
0.01980627
0.9114075
0.4086476
-0.04417396
#207
20.71357
-0.005073666
0.9129415
0.407901
0.0113556
#208
20.80931
-0.07829088
0.9208592
0.2899046
0.2486849
#209
20.90412
-0.08905955
0.8976899
0.2130327
0.3752845
#210
21.01191
-0.08710384
0.9010908
0.2138398
0.3670433
#211
21.10705
-0.08032329
0.9117911
0.2151187
0.3404542
#212
21.21457
-0.08877145
0.9027584
0.2255018
0.3553815
#213
21.30515
-0.1427336
0.8456607
0.2796759
0.431586
#214
21.40186
-0.2164391
0.7796018
0.3687246
0.4576215
#215
21.51049
-0.2592409
0.7381211
0.4026461
0.4752342
#216
21.60478
-0.273579
0.7246476
0.416481
0.4760083
#217
21.70517
-0.2830849
0.714774
0.4183085
0.4837141
#218
21.80128
-0.3029085
0.6946402
0.4250513
0.4950282
#219
21.91004
-0.3103773
0.6876079
0.431336
0.4947834
#220
22.00364
-0.3228331
0.6756916
0.4406883
0.4949884
#221
22.10406
-0.3310766
0.6679619
0.4488522
0.4926935
#222
22.20485
-0.3315263
0.6684118
0.4652079
0.4763378
#223
22.31424
-0.2055903
0.7896587
0.454533
0.3571714
#224
22.40216
-0.1862697
0.8109969
0.4273646
0.3534785
#225
22.50637
-0.1815953
0.8175002
0.4071458
0.3646217
#226
22.61174
-0.178501
0.8214509
0.3878601
0.3780481
#227
22.7042
-0.1670118
0.8327257
0.361648
0.384559
#228
22.8082
-0.1589216
0.8401169
0.3441294
0.3879723
#229
22.90531
-0.1571424
0.8416847
0.3402769
0.3886963
#230
23.00509
-0.1561243
0.8425726
0.3380721
0.3891064
#231
23.11028
-0.1561243
0.8425726
0.3380721
0.3891064
#232
23.21182
-0.1565666
0.8420626
0.3378675
0.3902089
#233
23.30217
-0.1584776
0.8401517
0.3396571
0.3919988
#234
23.40993
-0.1641688
0.8347514
0.3476877
0.3941471
