#0
0
0
0
0
1
#1
0.3733333
0
-0.0006544985
0
0.9999998
#2
0.4621254
0
-0.01112624
0
0.9999381
#3
0.4840471
0
-0.01112624
0
0.9999381
#4
0.5036883
0
-0.01112624
0
0.9999381
#5
0.5360339
0
-0.01112624
0
0.9999381
#6
0.6001518
0
-0.01112624
0
0.9999381
#7
0.7132781
0
-0.01112624
0
0.9999381
#8
0.8086889
0
-0.01112624
0
0.9999381
#9
0.9148677
0
-0.01112624
0
0.9999381
#10
1.016569
0
-0.01112624
0
0.9999381
#11
1.110585
0
-0.01112624
0
0.9999381
#12
1.216558
0
-0.01112624
0
0.9999381
#13
1.307706
0
-0.01112624
0
0.9999381
#14
1.415907
0
-0.01112624
0
0.9999381
#15
1.513583
0
-0.01112624
0
0.9999381
#16
1.612706
0
-0.01112624
0
0.9999381
#17
1.704978
0
-0.01112624
0
0.9999381
#18
1.81531
0
-0.01112624
0
0.9999381
#19
1.912053
0
-0.01112624
0
0.9999381
#20
2.017807
0
-0.01112624
0
0.9999381
#21
2.116065
0
-0.01112624
0
0.9999381
#22
2.221835
0
-0.01112624
0
0.9999381
#23
2.312772
0
-0.01112624
0
0.9999381
#24
2.418236
0
-0.01112624
0
0.9999381
#25
2.508401
0
-0.01112624
0
0.9999381
#26
2.612808
0
-0.01112624
0
0.9999381
#27
2.71342
0
-0.01112624
0
0.9999381
#28
2.815856
0
-0.01112624
0
0.9999381
#29
2.900561
0
-0.01112624
0
0.9999381
#30
3.020624
0
-0.01112624
0
0.9999381
#31
3.107703
0
-0.01112624
0
0.9999381
#32
3.218552
0
-0.01112624
0
0.9999381
#33
3.330718
0
-0.01112624
0
0.9999381
#34
3.424783
0
-0.01112624
0
0.9999381
#35
3.504291
0
-0.01112624
0
0.9999381
#36
3.621901
0
-0.01112624
0
0.9999381
#37
3.716822
0
-0.01112624
0
0.9999381
#38
3.808656
0
-0.01112624
0
0.9999381
#39
3.915609
-0.0163606
-0.01177912
-0.0001927526
0.9997967
#40
4.024059
-0.02748262
-0.01439303
-0.0003957487
0.9995186
#41
4.109468
-0.03336944
-0.01504451
-0.0005023638
0.9993297
#42
4.215225
-0.03925537
-0.01504129
-0.0005909741
0.9991158
#43
4.300125
-0.0418709
-0.01503969
-0.0006303499
0.9990097
#44
4.407761
-0.04513993
-0.01503755
-0.0006795637
0.9988673
#45
4.520621
-0.05036934
-0.01503379
-0.0007582905
0.9986172
#46
4.620437
-0.05559738
-0.01502961
-0.0008369965
0.9983398
#47
4.724729
-0.06147709
-0.01502442
-0.0009255132
0.997995
#48
4.821861
-0.06931335
-0.01501669
-0.001043485
0.9974814
#49
4.920143
-0.07975646
-0.01370024
-0.001096279
0.9967197
#50
5.030349
-0.08366992
-0.01369583
-0.001150071
0.9963987
#51
5.132112
-0.08953926
-0.0123852
-0.00111352
0.9959057
#52
5.200668
-0.09540479
-0.01172695
-0.001124013
0.9953688
#53
5.304236
-0.1006159
-0.01106977
-0.001119547
0.9948632
#54
5.411971
-0.1077765
-0.01041078
-0.001128674
0.99412
#55
5.511822
-0.1129802
-0.01040473
-0.001183169
0.9935421
#56
5.620028
-0.1162317
-0.009750773
-0.001141139
0.9931736
#57
5.711305
-0.1194813
-0.009746986
-0.001173042
0.9927879
#58
5.807988
-0.1220799
-0.009743882
-0.001198556
0.9924718
#59
5.901614
-0.123379
-0.009742305
-0.001211309
0.9923111
#60
6.015776
-0.1259764
-0.0097391
-0.00123681
0.9919847
#61
6.115119
-0.1311687
-0.009732489
-0.001287787
0.9913114
#62
6.211903
-0.135709
-0.009726489
-0.001332362
0.9907001
#63
6.312232
-0.1402464
-0.009720282
-0.00137691
0.990068
#64
6.404747
-0.1428379
-0.009716644
-0.001402353
0.9896974
#65
6.521185
-0.1428379
-0.009716644
-0.001402353
0.9896974
#66
6.607654
-0.1428379
-0.009716644
-0.001402353
0.9896974
#67
6.714834
-0.1428379
-0.009716644
-0.001402353
0.9896974
#68
6.816721
-0.1757866
-0.0103087
-0.0018409
0.9843726
#69
6.911156
-0.2295892
-0.01719837
-0.004057597
0.9731272
#70
7.019833
-0.2441994
-0.01967358
-0.004955352
0.9695128
#71
7.10768
-0.2619211
-0.02021098
-0.005486465
0.964862
#72
7.218464
-0.3126808
-0.01989186
-0.006549729
0.9496273
#73
7.319668
-0.3126808
-0.01989186
-0.006549729
0.9496273
#74
7.414597
-0.3126808
-0.01989186
-0.006549729
0.9496273
#75
7.508245
-0.3126808
-0.01989186
-0.006549729
0.9496273
#76
7.622987
-0.3392431
-0.02400812
-0.00866121
0.9403524
#77
7.713175
-0.6028672
-0.03808021
-0.02882596
0.7964108
#78
7.811806
-0.6028672
-0.03808021
-0.02882596
0.7964108
#79
7.909193
-0.6028672
-0.03808021
-0.02882596
0.7964108
#80
8.016422
-0.6028672
-0.03808021
-0.02882596
0.7964108
#81
8.100537
-0.6049502
-0.03800461
-0.02892556
0.7948298
#82
8.206913
-0.6860197
-0.04607756
-0.04361149
0.7248116
#83
8.315753
-0.7053082
-0.05040246
-0.05040246
0.7053082
#84
8.415627
-0.7053082
-0.05040246
-0.05040246
0.7053082
#85
8.500877
-0.7053082
-0.05040246
-0.05040246
0.7053082
#86
8.616834
-0.7053082
-0.05040246
-0.05040246
0.7053082
#87
8.716079
-0.704588
-0.05963033
-0.05963033
0.704588
#88
8.802865
-0.703792
-0.06838738
-0.06838738
0.703792
#89
8.907378
-0.703792
-0.06838738
-0.06838738
0.703792
#90
9.015692
-0.7038809
-0.06746607
-0.06746607
0.7038809
#91
9.11487
-0.703925
-0.06700537
-0.06700537
0.703925
#92
9.214118
-0.703925
-0.06700537
-0.06700537
0.703925
#93
9.310699
-0.703925
-0.06700537
-0.06700537
0.703925
#94
9.408709
-0.703925
-0.06700537
-0.06700537
0.703925
#95
9.512579
-0.703925
-0.06700537
-0.06700537
0.703925
#96
9.614057
-0.693162
-0.06894154
-0.06689654
0.7143517
#97
9.721325
-0.6745313
-0.07254209
-0.06688133
0.731623
#98
9.803094
-0.6595062
-0.07437175
-0.06582747
0.7451088
#99
9.915108
-0.6457415
-0.07556555
-0.06445356
0.7570691
#100
10.01418
-0.6150092
-0.07807791
-0.06138608
0.7822399
#101
10.11598
-0.5748605
-0.08053949
-0.05699873
0.8122807
#102
10.22475
-0.5394529
-0.07964082
-0.05134957
0.8366666
#103
10.32008
-0.5081478
-0.07645577
-0.04535098
0.8566701
#104
10.41999
-0.4664142
-0.07106926
-0.03762922
0.8809035
#105
10.50902
-0.4274815
-0.06911369
-0.0327991
0.9007814
#106
10.61529
-0.4025817
-0.06939203
-0.0306236
0.9122363
#107
10.70548
-0.4025817
-0.06939203
-0.0306236
0.9122363
#108
10.80828
-0.4025817
-0.06939203
-0.0306236
0.9122363
#109
10.9042
-0.3766564
-0.07324709
-0.02989157
0.9229687
#110
11.00916
-0.2572526
-0.08210087
-0.02194127
0.9626002
#111
11.10767
-0.1642268
-0.08446296
-0.0141153
0.9826985
#112
11.21085
-0.1197021
-0.08436669
-0.01020948
0.9891661
#113
11.31209
-0.1197021
-0.08436669
-0.01020948
0.9891661
#114
11.41339
-0.1197021
-0.08436669
-0.01020948
0.9891661
#115
11.53766
-0.06321406
-0.08481098
-0.005391574
0.9943752
#116
11.60578
-0.01434625
-0.08497339
-0.001223602
0.9962792
#117
11.72362
0.03781464
-0.08492097
0.003225238
0.9956647
#118
11.81589
0.03781464
-0.08492097
0.003225238
0.9956647
#119
11.91238
0.03781464
-0.08492097
0.003225238
0.9956647
#120
12.00016
0.03781464
-0.08492097
0.003225238
0.9956647
#121
12.10456
-0.2116224
-0.08304331
-0.01804943
0.9736499
#122
12.22462
-0.4165528
-0.07719927
-0.03552809
0.9051308
#123
12.31564
-0.4165528
-0.07719927
-0.03552809
0.9051308
#124
12.40804
-0.4165528
-0.07719927
-0.03552809
0.9051308
#125
12.52364
-0.4878523
-0.07693462
-0.04321783
0.8684547
#126
12.60779
-0.6853364
-0.07761405
-0.07384629
0.7203034
#127
12.70009
-0.6853364
-0.07761405
-0.07384629
0.7203034
#128
12.80472
-0.6853364
-0.07761405
-0.07384629
0.7203034
#129
12.90833
-0.6862786
-0.07751732
-0.07394782
0.7194056
#130
13.01158
-0.7030867
-0.07529344
-0.07529344
0.7030867
#131
13.10356
-0.7031358
-0.07483326
-0.07483326
0.7031358
#132
13.20164
-0.6907753
-0.078903
-0.07626231
0.7146943
#133
13.30777
-0.386777
-0.1273258
-0.05401381
0.9117424
#134
13.4283
-0.1111946
-0.141297
-0.01597387
0.983573
#135
13.52539
-0.03755547
-0.1440365
-0.005470384
0.9888443
#136
13.61214
-0.03948179
-0.1466136
-0.005856572
0.9883883
#137
13.73684
-0.4028352
-0.03592808
-0.01582745
0.9144301
#138
13.81303
-0.3691639
0.1516595
0.06119743
0.9148619
#139
13.92823
-0.05583889
0.2425773
0.01398691
0.9684228
#140
14.00695
-0.1243896
-0.06813242
-0.008561825
0.9898545
#141
14.10802
-0.6004182
-0.002093579
-0.001571903
0.799682
#142
14.20038
-0.4196231
0.2213243
0.1062784
0.8738633
#143
14.30935
-0.08371252
-0.1203563
-0.01018593
0.9891425
#144
14.42994
-0.6990406
-0.1065001
-0.1065001
0.6990406
#145
14.50757
-0.4992057
0.2120541
0.1274779
0.8304073
#146
14.62033
-0.2206952
0.004468516
0.001011122
0.9753321
#147
14.70104
-0.2608501
-0.3458323
-0.1007191
0.8956634
#148
14.80735
-0.6525321
-0.1730742
-0.1566591
0.7209058
#149
14.93536
-0.5035376
0.1323723
0.07840177
0.8501651
#150
15.01901
-0.3515112
0.1250724
0.04744811
0.9265773
#151
15.10024
-0.2289016
-0.02675514
-0.006293842
0.9730614
#152
15.2077
-0.2693305
-0.3268944
-0.09776219
0.9005797
#153
15.31181
-0.4120772
-0.3440619
-0.1716367
0.8260477
#154
15.44613
-0.5758087
0.06564102
0.04645494
0.81362
#155
15.52289
-0.4901725
0.1391479
0.07961016
0.8567561
#156
15.60855
-0.3534831
0.1334241
0.05101644
0.9244701
#157
15.703
-0.2475664
-0.06082797
-0.01557554
0.9668341
#158
15.82014
-0.2176075
-0.364338
-0.08797435
0.9012022
#159
15.90657
-0.2245452
-0.3706282
-0.09283751
0.8964348
#160
16.00103
-0.2768905
-0.173013
-0.05075645
0.9438337
#161
16.10781
-0.2906579
0.3462617
0.1137613
0.8846916
#162
16.21243
-0.2151889
0.5477617
0.1483103
0.7947673
#163
16.31495
-0.2151889
0.5477617
0.1483103
0.7947673
#164
16.40298
-0.210303
0.6044455
0.1696174
0.749432
#165
16.50475
-0.05632089
0.9406983
0.1948092
0.2719633
#166
16.60786
-0.01713999
0.9801264
0.1717205
0.09782965
#167
16.71548
-0.01713999
0.9801264
0.1717205
0.09782965
#168
16.80839
0.003470021
0.980376
0.1963433
-0.01732641
#169
16.91985
0.1311217
0.6877798
0.1284039
-0.7023378
#170
17.01652
0.1311217
0.6877798
0.1284039
-0.7023378
#171
17.12424
0.1311217
0.6877798
0.1284039
-0.7023378
#172
17.21293
0.2227948
0.2555138
0.06063637
-0.9388282
#173
17.31656
0.1718584
-0.2071941
-0.03700018
-0.9623753
#174
17.41055
0.1718584
-0.2071941
-0.03700018
-0.9623753
#175
17.51592
0.1718098
-0.2084536
-0.03722509
-0.9621033
#176
17.60394
0.1303307
-0.7702726
-0.1668906
-0.6015327
#177
17.70787
0.03473255
-0.9649899
-0.1952334
-0.1716743
#178
17.81336
0.03473255
-0.9649899
-0.1952334
-0.1716743
#179
17.91417
0.02755551
-0.969759
-0.2041393
-0.1309018
#180
18.01137
-0.1557436
-0.6709693
-0.1472153
0.7098393
#181
18.11616
-0.1656289
-0.5973223
-0.1277822
0.7742383
#182
18.20202
-0.1656289
-0.5973223
-0.1277822
0.7742383
#183
18.31024
-0.2863023
-0.2817221
-0.08848888
0.9115007
#184
18.41662
-0.3239831
0.3638955
0.1366887
0.8625145
#185
18.52035
-0.3239831
0.3638955
0.1366887
0.8625145
#186
18.60864
-0.3239831
0.3638955
0.1366887
0.8625145
#187
18.70058
-0.3239831
0.3638955
0.1366887
0.8625145
#188
18.80219
-0.5417026
-0.1499689
-0.0989332
0.8211455
#189
18.91935
-0.6761461
-0.05192629
-0.04787426
0.7333745
#190
19.01542
-0.6778383
0.0009617574
0.0008867073
0.7352099
#191
19.10969
-0.66764
-0.04957507
-0.04463759
0.7414895
#192
19.21402
-0.6643034
-0.0691306
-0.06191852
0.7416793
#193
19.308
-0.6564014
-0.07658783
-0.06725447
0.7474948
#194
19.41205
-0.644327
-0.09530511
-0.08139828
0.7544097
#195
19.52354
-0.6394284
-0.09533913
-0.08035415
0.7586732
#196
19.61517
-0.6394284
-0.09533913
-0.08035415
0.7586732
