#0
0
0
0
0
1
#1
0.3733333
0.04840266
0.02157144
-0.001045585
0.9985944
#2
0.4416619
-0.04372382
-0.9521408
-0.2544576
0.1636078
#3
0.4886998
-0.04372382
-0.9521408
-0.2544576
0.1636078
#4
0.5232139
-0.04372382
-0.9521408
-0.2544576
0.1636078
#5
0.5510106
-0.04372382
-0.9521408
-0.2544576
0.1636078
#6
0.632341
-0.04493665
-0.9519807
-0.2497475
0.1712883
#7
0.7111014
-0.04734097
-0.9502078
-0.2499472
0.1799731
#8
0.8026431
-0.04766809
-0.9499714
-0.249885
0.1812167
#9
0.9163126
-0.04762274
-0.9499261
-0.250538
0.1805638
#10
1.029287
-0.04757652
-0.9498798
-0.2511908
0.179911
#11
1.135241
-0.04035934
-0.9568095
-0.2376727
0.1624764
#12
1.216864
-0.02799474
-0.9668639
-0.2227738
0.1215004
#13
1.303534
0.01468978
-0.9797635
-0.183579
-0.07839953
#14
1.444197
0.03083835
-0.9678921
-0.1494052
-0.1997802
#15
1.527357
0.03544093
-0.9544903
-0.1262966
-0.2678458
#16
1.639941
0.03794596
-0.9419352
-0.1139867
-0.3135685
#17
1.726839
0.03712434
-0.9441683
-0.1142569
-0.306779
#18
1.818073
0.03712434
-0.9441683
-0.1142569
-0.306779
#19
1.921964
0.03704955
-0.9443689
-0.1142812
-0.306161
#20
2.018887
0.03692066
-0.945611
-0.1156876
-0.3017832
#21
2.118556
0.03775262
-0.946443
-0.1201929
-0.297278
#22
2.238119
0.0684912
-0.8977725
-0.1506383
-0.4081931
#23
2.306942
0.07014112
-0.8938962
-0.1505895
-0.4163563
#24
2.461828
0.07332271
-0.8602577
-0.129334
-0.487702
#25
2.506927
0.07710407
-0.8254811
-0.1163811
-0.5468924
#26
2.627736
0.08281402
-0.7008793
-0.08248942
-0.7036373
#27
2.72297
0.0700458
-0.4180044
-0.03234717
-0.9051628
#28
2.803711
0.06360182
-0.3967917
-0.02757241
-0.9152874
#29
2.906784
0.06360182
-0.3967917
-0.02757241
-0.9152874
#30
3.000574
0.06360182
-0.3967917
-0.02757241
-0.9152874
#31
3.127542
0.0780547
-0.4990905
-0.04520123
-0.8618428
#32
3.324519
0.0973886
-0.8666489
-0.1865846
-0.4523509
#33
3.532388
0.005674051
-0.9506944
-0.3095874
-0.01742412
#34
3.707008
-0.04399259
-0.9358886
-0.3259109
0.1263295
#35
3.75021
-0.06714366
-0.9225078
-0.3307598
0.1872675
#36
3.80652
-0.1726668
-0.8245996
-0.3421928
0.416084
#37
3.876519
-0.1765565
-0.820513
-0.3442802
0.4207819
#38
3.917238
-0.2078589
-0.7817925
-0.3377045
0.4811974
#39
3.986311
-0.2451373
-0.7234458
-0.3147509
0.563441
#40
4.041333
-0.2734621
-0.672411
-0.2962182
0.620755
#41
4.110706
-0.2966702
-0.6187291
-0.2720862
0.6746334
#42
4.200786
-0.3321231
-0.5368325
-0.2419663
0.7368565
#43
4.341991
-0.3321231
-0.5368325
-0.2419663
0.7368565
#44
4.4405
-0.3321231
-0.5368325
-0.2419663
0.7368565
#45
4.50284
-0.3391188
-0.5232843
-0.2383366
0.7445587
#46
4.608002
-0.3656462
-0.3492842
-0.1503352
0.8495309
#47
4.701661
-0.321125
-0.09277383
-0.03162797
0.9419509
#48
4.817512
-0.278521
0.1240263
0.03629721
0.9516964
#49
4.920228
-0.2090819
0.3551651
0.08183312
0.9074392
#50
5.040187
-0.2090819
0.3551651
0.08183312
0.9074392
#51
5.156267
-0.2072997
0.3553251
0.08113561
0.907848
#52
5.202232
-0.2002167
0.3099512
0.06694306
0.9270179
#53
5.325984
-0.1845973
0.1244199
0.02356563
0.9746221
#54
5.403836
-0.1854222
0.08349787
0.01581483
0.9789773
#55
5.519218
-0.1860316
0.02571988
0.004871447
0.982195
#56
5.605501
-0.1847578
0.02315413
0.004354096
0.9825017
#57
5.743683
-0.1687032
-0.0038705
-0.000662466
0.9856591
#58
5.816745
-0.160948
-0.01098098
-0.001790826
0.9869002
#59
5.925164
-0.1583586
-0.01357038
-0.002176661
0.987286
#60
6.034981
-0.1615662
-0.0213127
-0.00349009
0.9866256
#61
6.149765
-0.1673726
-0.02193688
-0.003725117
0.9856426
#62
6.205281
-0.1712394
-0.02256675
-0.003923311
0.9849632
#63
6.332328
-0.1841118
-0.02379971
-0.004459369
0.982607
#64
6.410422
-0.1911751
-0.02505143
-0.004880851
0.9812241
#65
6.509037
-0.2007919
-0.02628418
-0.005389393
0.9792664
#66
6.614434
-0.2052763
-0.02625922
-0.005509757
0.9783362
#67
6.703208
-0.2052763
-0.02625922
-0.005509757
0.9783362
#68
6.830741
-0.2086599
0.06970293
0.01491121
0.9753873
#69
6.923264
-0.2009791
0.2611567
0.05568926
0.9424984
#70
7.024772
-0.1985962
0.2985673
0.06366672
0.9313236
#71
7.110599
-0.194895
0.3480965
0.07422838
0.9139666
#72
7.239396
-0.1881658
0.4482492
0.09711968
0.8684665
#73
7.30053
-0.1667261
0.5995989
0.129501
0.7719541
#74
7.413743
-0.1597378
0.6534901
0.1438286
0.7257739
#75
7.513535
-0.1597378
0.6534901
0.1438286
0.7257739
#76
7.609466
-0.1534117
0.6505752
0.1365049
0.731152
#77
7.733314
-0.1278086
0.6497493
0.1120852
0.7408966
#78
7.809803
-0.1129068
0.6679329
0.1035507
0.7282822
#79
7.928279
-0.1055607
0.6805662
0.1000422
0.7181073
#80
8.027534
-0.08730345
0.7012445
0.08718931
0.7021626
#81
8.124815
-0.08512907
0.7042232
0.08568811
0.6996287
#82
8.215071
-0.08276001
0.7013401
0.08254369
0.703178
#83
8.312745
-0.08302969
0.6990352
0.08227242
0.7054694
#84
8.411122
-0.08231887
0.6972927
0.08114208
0.7074054
#85
8.503689
-0.08185586
0.6973457
0.0806857
0.7074592
#86
8.629271
-0.08092973
0.6974507
0.07977281
0.7075657
#87
8.738775
-0.08092973
0.6974507
0.07977281
0.7075657
#88
8.800204
-0.08092973
0.6974507
0.07977281
0.7075657
#89
8.976424
-0.08092973
0.6974507
0.07977281
0.7075657
#90
9.034699
-0.08139282
0.6973984
0.08022927
0.7075126
#91
9.114354
-0.08370771
0.6971321
0.08251106
0.7072424
#92
9.227179
-0.08775877
0.6975585
0.086731
0.7058246
#93
9.308957
-0.09047128
0.697674
0.08952886
0.7050181
#94
9.429672
-0.09456128
0.6975955
0.09369882
0.7040166
#95
9.547059
-0.09917404
0.7001176
0.09917409
0.7001173
#96
9.639749
-0.06711382
0.8757461
0.1275625
0.460752
#97
9.717407
-0.04520022
0.9519686
0.1732166
0.2484126
#98
9.80492
-0.0153432
0.9728518
0.2208034
0.06760158
#99
9.93777
-0.0153432
0.9728518
0.2208034
0.06760158
#100
10.00781
-0.01552013
0.9722704
0.2233495
0.06756118
#101
10.1398
-0.01216449
0.9767219
0.2062728
0.05760005
#102
10.20319
-0.01050243
0.982566
0.1761278
0.05859001
#103
10.31331
-0.009863155
0.985637
0.156771
0.06201078
#104
10.40309
-0.009139962
0.9883628
0.1367072
0.0660799
#105
10.5356
-0.005234005
0.9935291
0.1011381
0.05141621
#106
10.60655
-0.0047124
0.9939848
0.09855594
0.04752686
#107
10.70288
-0.004647899
0.9940157
0.09855901
0.04687633
#108
10.80387
-0.004647899
0.9940157
0.09855901
0.04687633
#109
10.90041
-0.004647899
0.9940157
0.09855901
0.04687633
#110
11.03698
-0.004638177
0.9938148
0.1011671
0.04556309
#111
11.11884
-0.004660143
0.9936438
0.1031214
0.04490361
#112
11.21041
-0.004570102
0.9934567
0.1057316
0.04294081
#113
11.3055
-0.00440586
0.9930969
0.1102969
0.0396697
#114
11.42203
-0.004435814
0.9928305
0.1128994
0.03900827
#115
11.52987
-0.004462331
0.9925569
0.1155012
0.03834694
#116
11.63489
-0.004626206
0.9915875
0.1239482
0.03700972
#117
11.70033
-0.004698865
0.9913422
0.1258949
0.03700056
#118
11.81249
-0.004759189
0.9908642
0.1297901
0.03633336
#119
11.90876
-0.005024349
0.9895657
0.1395148
0.03563725
#120
12.00385
-0.0002064639
0.9874819
0.1577271
0.001292608
#121
12.12572
0.07485
0.8888388
0.1569263
-0.4239544
#122
12.20352
0.1201336
0.729414
0.1327214
-0.6602334
#123
12.30703
0.1368933
0.6782343
0.1307609
-0.7100422
#124
12.41537
0.136722
0.6791632
0.1309399
-0.7091539
#125
12.54618
0.1308248
0.6688597
0.121251
-0.7216716
#126
12.62371
0.1416404
0.4487889
0.07228611
-0.8793755
#127
12.72209
0.1585617
0.07488339
0.01206142
-0.9844314
#128
12.81895
0.1589277
-0.03359478
-0.005411088
-0.9867037
#129
12.91134
0.1529961
-0.1372892
-0.02146824
-0.9784085
#130
13.01314
0.1459013
-0.3249187
-0.05080832
-0.9330376
#131
13.1398
0.157498
-0.3622082
-0.06223879
-0.9165838
#132
13.22919
0.157498
-0.3622082
-0.06223879
-0.9165838
#133
13.31738
0.154365
-0.3731476
-0.06311323
-0.9126604
#134
13.40974
0.1067407
-0.4263209
-0.0507414
-0.8968179
#135
13.5186
0.06936301
-0.4921797
-0.03938375
-0.8668315
#136
13.60107
0.05888075
-0.4994083
-0.03404629
-0.8636928
#137
13.71436
0.04846039
-0.5071107
-0.0285739
-0.8600429
#138
13.82831
0.04842294
-0.5082363
-0.02863733
-0.8593782
#139
13.91006
0.04846039
-0.5071107
-0.0285739
-0.8600429
#140
14.02288
0.04846039
-0.5071107
-0.0285739
-0.8600429
#141
14.15725
0.05133387
-0.5053252
-0.03013253
-0.8608736
#142
14.22288
0.05471411
-0.5052029
-0.0321167
-0.8606654
#143
14.3344
0.062035
-0.5049115
-0.036414
-0.8601687
#144
14.40023
0.06541239
-0.5047646
-0.0383965
-0.8599185
#145
14.50784
0.06651238
-0.5052764
-0.03910073
-0.8595016
#146
14.61724
0.06707492
-0.5052508
-0.03943143
-0.8594579
#147
14.7208
0.06819988
-0.5051987
-0.04009276
-0.8593693
#148
14.80186
0.06932474
-0.5051458
-0.04075403
-0.8592793
#149
14.90748
0.08000464
-0.5045999
-0.04703244
-0.8583508
#150
15.00803
0.09564669
-0.5047743
-0.05639655
-0.8560807
#151
15.12026
0.1393836
-0.7434621
-0.1636309
-0.633294
#152
15.2153
0.1182795
-0.8494849
-0.21515
-0.4670074
#153
15.30679
0.0904347
-0.9044241
-0.2398038
-0.341076
#154
15.414
0.04077223
-0.9519062
-0.2664488
-0.1456615
#155
15.51163
0.03966867
-0.9502624
-0.2774263
-0.1358763
#156
15.60322
0.03966867
-0.9502624
-0.2774263
-0.1358763
#157
15.71769
0.04147805
-0.9496216
-0.2758907
-0.1427683
#158
15.80454
0.03210222
-0.9542192
-0.2758724
-0.1110389
#159
15.9198
-0.02490776
-0.9664515
-0.2340325
0.1028581
#160
16.00496
-0.0467548
-0.9383544
-0.1404474
0.3123773
#161
16.13778
-0.04461497
-0.8782589
-0.08359997
0.4687023
#162
16.22533
-0.05085064
-0.8329144
-0.07763376
0.5455647
#163
16.34287
-0.05350938
-0.8314778
-0.08134402
0.5469593
#164
16.40384
-0.05350938
-0.8314778
-0.08134402
0.5469593
#165
16.51554
-0.0936607
-0.7229804
-0.1000003
0.6771462
#166
16.61352
-0.1332685
-0.2299814
-0.03181029
0.963502
#167
16.7291
-0.1288102
-0.1268454
-0.01661507
0.983383
#168
16.81079
-0.1288102
-0.1268454
-0.01661507
0.983383
#169
16.91105
-0.1288639
-0.1236266
-0.01619344
0.9837928
#170
17.00754
-0.1224447
0.1871963
0.02352394
0.9743775
#171
17.12447
-0.08759867
0.4895479
0.04951068
0.8661513
#172
17.23674
-0.08759867
0.4895479
0.04951068
0.8661513
#173
17.33927
-0.08684596
0.4827936
0.04818923
0.8700839
#174
17.41036
-0.08502857
0.5320089
0.053805
0.8407388
#175
17.529
-0.06523264
0.8017737
0.08904788
0.5873449
#176
17.60277
-0.06447262
0.8067423
0.0895997
0.5805017
#177
17.73141
-0.0647345
0.8074424
0.09021249
0.579403
#178
17.85839
-0.06549288
0.8073237
0.09126935
0.5793177
#179
17.90978
-0.06549288
0.8073237
0.09126935
0.5793177
#180
18.02262
-0.06655294
0.8053036
0.09210876
0.5818701
#181
18.13922
-0.0687695
0.7959453
0.09209406
0.5943571
#182
18.22753
-0.06795735
0.7937838
0.09026485
0.597613
#183
18.30915
-0.06873516
0.7859516
0.08885319
0.6079974
#184
18.40535
-0.06948864
0.7807502
0.08826517
0.6146623
#185
18.50078
-0.07172245
0.7816022
0.09147146
0.6128515
#186
18.60736
-0.0729588
0.78376
0.09380461
0.6095883
#187
18.70449
-0.07338371
0.7860242
0.09511941
0.6064101
#188
18.81434
-0.07432094
0.7874203
0.09685746
0.6042055
#189
18.94213
-0.0793081
0.7896487
0.1044851
0.5993731
