#0
0
0
0
0
1
#1
0.3733333
0
0
0
1
#2
0.4070578
0
0
0
1
#3
0.4242225
0
0
0
1
#4
0.4410345
0
0
0
1
#5
0.5098605
0
0
0
1
#6
0.6126721
0
0
0
1
#7
0.714729
0
0
0
1
#8
0.8160497
0
0
0
1
#9
0.9170678
0
0
0
1
#10
1.002913
0
0
0
1
#11
1.115499
0
-0.004581473
0
0.9999895
#12
1.205569
-0.1700472
-0.4433769
-0.08608336
0.8758371
#13
1.314462
-0.1839146
-0.4972855
-0.1087668
0.840864
#14
1.416756
-0.1839146
-0.4972855
-0.1087668
0.840864
#15
1.503865
-0.1839146
-0.4972855
-0.1087668
0.840864
#16
1.605746
-0.1832932
-0.497907
-0.1085613
0.8406585
#17
1.707375
-0.1048786
-0.8279963
-0.1652621
0.5254627
#18
1.809773
-0.01616185
-0.9755374
-0.07677644
0.2053558
#19
1.911364
4.280801E-05
-0.9978587
0.0006531222
0.0654033
#20
2.014004
0.002980671
-0.9736448
-0.01274568
-0.2276939
#21
2.115252
0.006092721
-0.9735264
-0.02613028
-0.2269943
#22
2.200587
0.005904603
-0.9773503
-0.02751323
-0.2097487
#23
2.303004
0.002009315
-0.9813647
-0.01027718
-0.191869
#24
2.404725
0.006156456
-0.9753874
-0.02745798
-0.2186953
#25
2.507275
0.04561769
-0.8895949
-0.09114613
-0.445233
#26
2.610471
0.05455979
-0.8783153
-0.1033726
-0.4635727
#27
2.713008
0.05455979
-0.8783153
-0.1033726
-0.4635727
#28
2.814547
0.05455979
-0.8783153
-0.1033726
-0.4635727
#29
2.900063
0.05455979
-0.8783153
-0.1033726
-0.4635727
#30
3.002003
0.05455979
-0.8783153
-0.1033726
-0.4635727
#31
3.105623
0.05455979
-0.8783153
-0.1033726
-0.4635727
#32
3.211804
0.05735828
-0.7722889
-0.07045367
-0.6287417
#33
3.302579
0.03085783
-0.3806569
-0.01271082
-0.9241139
#34
3.403825
0.022208
-0.2448204
-0.005609185
-0.9692978
#35
3.500368
0.02090765
-0.2505334
-0.005411968
-0.9678671
#36
3.601526
0.005637905
-0.2896538
-0.001706214
-0.9571134
#37
3.70386
0.05920212
0.1036929
0.006183192
-0.9928266
#38
3.806567
0.09299766
0.7756336
0.1176497
-0.613109
#39
3.908543
0.07929115
0.8883078
0.1676467
-0.4201391
#40
4.009507
0.05747169
0.9369125
0.1850888
-0.2909195
#41
4.11163
0.01142326
0.9873399
0.1339323
-0.08421151
#42
4.213854
0.001496958
0.9582474
-0.005017466
0.2858925
#43
4.314752
0.001496958
0.9582474
-0.005017466
0.2858925
#44
4.415903
0.001496958
0.9582474
-0.005017466
0.2858925
#45
4.50326
0.001347151
0.9557831
-0.004378988
0.2940369
#46
4.605596
-0.08657484
0.6107467
0.06742704
0.7841854
#47
4.707305
-0.1135276
0.4737285
0.06173676
0.871138
#48
4.809283
-0.1333236
0.3552988
0.05127845
0.9237739
#49
4.911654
-0.1649574
0.1885188
0.03213945
0.9675829
#50
5.014322
-0.1645674
0.1999048
0.03408058
0.9652949
#51
5.104856
-0.04721645
0.5962408
0.03516215
0.8006443
#52
5.210338
-0.03284039
0.634831
0.02702353
0.7714796
#53
5.311851
-0.03284039
0.634831
0.02702353
0.7714796
#54
5.413931
-0.04020477
0.6017479
0.0303516
0.7970959
#55
5.515377
-0.05761845
0.5028408
0.03361902
0.861801
#56
5.600546
-0.06486719
0.4775755
0.03538522
0.875478
#57
5.702883
-0.07872263
0.4746698
0.04267632
0.875597
#58
5.805623
-0.08078358
0.4791336
0.04434245
0.872891
#59
5.908926
-0.08183763
0.4807885
0.04513042
0.8718419
#60
6.01058
-0.08738355
0.4833319
0.04856245
0.8697103
#61
6.11243
-0.1072036
0.4832278
0.05976101
0.8668488
#62
6.214863
-0.1175792
0.4802224
0.06514199
0.8667861
#63
6.306189
-0.123694
0.4741076
0.06747548
0.8691196
#64
6.410651
-0.1290174
0.4566496
0.06712677
0.8776786
#65
6.512619
-0.1316043
0.4293975
0.06340791
0.8912225
#66
6.616622
-0.1462567
-0.1992447
-0.03008847
0.9685067
#67
6.700823
-0.1337022
-0.4551409
-0.06934151
0.8775889
#68
6.804084
-0.1221906
-0.4860509
-0.06885074
0.8626028
#69
6.905066
-0.1221906
-0.4860509
-0.06885074
0.8626028
#70
7.005549
-0.1189096
-0.4699335
-0.06405956
0.8723069
#71
7.107454
-0.07831862
-0.8197085
-0.1155672
0.5555072
#72
7.208911
-0.04031955
-0.9357395
-0.1138583
0.3313644
#73
7.312329
-0.01227016
-0.9874675
-0.09921511
0.1221224
#74
7.414961
0.0146793
-0.9790646
-0.0764093
-0.1880921
#75
7.516614
0.0376172
-0.8727069
-0.06810881
-0.482005
#76
7.60204
0.0547341
-0.8070074
-0.07575177
-0.5830995
#77
7.703544
0.09341916
-0.6292487
-0.07656535
-0.7677609
#78
7.806359
0.1035612
-0.5108985
-0.06216481
-0.851113
#79
7.90844
0.09580485
-0.2380033
-0.02359857
-0.9662396
#80
8.01064
0.09899817
-0.2366598
-0.0242477
-0.9662316
#81
8.114142
0.09899817
-0.2366598
-0.0242477
-0.9662316
#82
8.216196
0.09899817
-0.2366598
-0.0242477
-0.9662316
#83
8.301274
0.1035062
-0.2333849
-0.02499315
-0.9665368
#84
8.404175
0.1150953
-0.2013827
-0.0238352
-0.9724351
#85
8.507283
0.1120174
-0.1970015
-0.0226632
-0.9737191
#86
8.611024
0.1120174
-0.1970015
-0.0226632
-0.9737191
#87
8.713896
0.1112454
-0.2027484
-0.02318988
-0.9726149
#88
8.815015
0.1112454
-0.2027484
-0.02318988
-0.9726149
#89
8.915718
0.1112454
-0.2027484
-0.02318988
-0.9726149
#90
9.000704
0.1112454
-0.2027484
-0.02318988
-0.9726149
#91
9.102936
0.1112454
-0.2027484
-0.02318988
-0.9726149
#92
9.205927
0.1316257
-0.2009479
-0.02725851
-0.9703358
#93
9.308257
0.1374131
-0.198246
-0.02808221
-0.9700658
#94
9.410459
0.1380664
-0.197593
-0.02812164
-0.9701051
#95
9.5151
0.1387565
-0.1956703
-0.02797868
-0.9704005
#96
9.616445
0.1389188
-0.1899523
-0.02716107
-0.9715359
#97
9.700692
0.1413403
-0.05375448
-0.007686292
-0.9884707
#98
9.80127
0.09806618
0.7480082
0.1134595
-0.6465244
#99
9.906673
0.01573253
0.9809763
0.1712078
-0.09014332
#100
10.00843
0.01573253
0.9809763
0.1712078
-0.09014332
#101
10.11216
0.01573253
0.9809763
0.1712078
-0.09014332
#102
10.2141
-0.003626935
0.9871203
0.1583319
0.02261212
#103
10.30034
-0.02838935
0.8684855
0.05007653
0.492361
#104
10.40243
-0.02190328
0.716408
0.02251402
0.6969741
#105
10.50424
-0.03051954
0.643948
0.0257229
0.7640274
#106
10.60634
-0.02832425
0.7358978
0.03084324
0.6757965
#107
10.71388
-0.02220691
0.917338
0.05168866
0.3941144
#108
10.81571
-0.01515934
0.9558195
0.05009236
0.2892576
#109
10.91663
-0.01506095
0.9563857
0.05012203
0.2873801
#110
11.00069
-0.01175057
0.9731335
0.05099975
0.2242143
#111
11.10292
-0.002570342
0.9974294
0.05096391
0.05030491
#112
11.20504
-0.002636189
0.9973619
0.0522695
0.05030151
#113
11.30797
-0.005385099
0.9942724
0.06124775
0.08741962
#114
11.41018
-0.006699585
0.9924775
0.06374577
0.1043079
#115
11.51334
-0.007076333
0.992074
0.06567606
0.106892
#116
11.61579
-0.007189682
0.9919606
0.06632067
0.1075363
#117
11.70062
-0.007330441
0.9918729
0.06761909
0.1075268
#118
11.80554
-0.009110187
0.99053
0.08252427
0.1093486
#119
11.90768
-0.009709106
0.9899818
0.08639453
0.1112552
#120
12.00927
-0.01032301
0.9894149
0.09026142
0.1131574
#121
12.11213
-0.01242942
0.9871931
0.09788242
0.1253569
#122
12.21525
-0.01539034
0.9838132
0.1047051
0.1446082
#123
12.30041
-0.02505964
0.9663866
0.1034901
0.2340059
#124
12.4013
-0.05374293
0.5565827
0.03611451
0.8282651
#125
12.5017
-0.05947472
0.3945249
0.0255992
0.9166011
#126
12.60382
-0.04844759
0.2736215
0.01380121
0.9605173
#127
12.70977
-0.05582276
-0.1238286
-0.006977289
0.9907076
#128
12.81129
-0.06312351
-0.2940124
-0.01946385
0.9535163
#129
12.91371
-0.06312351
-0.2940124
-0.01946385
0.9535163
#130
13.01535
-0.06312351
-0.2940124
-0.01946385
0.9535163
#131
13.10027
-0.06751854
-0.2926718
-0.02072226
0.9536011
#132
13.20117
-0.06305033
-0.4941432
-0.03596244
0.8663452
#133
13.30391
-0.04829799
-0.570788
-0.0336611
0.8189843
#134
13.40722
-0.0352741
-0.6620404
-0.031221
0.7479863
#135
13.51029
-0.02772705
-0.7812852
-0.03479474
0.6225865
#136
13.61188
-0.02378686
-0.9000891
-0.04953486
0.4322269
#137
13.71383
-0.02414105
-0.9314565
-0.06288784
0.3575626
#138
13.81618
-0.02055963
-0.9636345
-0.07774373
0.2548369
#139
13.90106
-0.0108651
-0.9884629
-0.08691385
0.1235677
#140
14.0062
0.0006950606
-0.999112
-0.03794538
-0.01830113
#141
14.11469
0.001109591
-0.9986131
-0.02353357
-0.04708391
#142
14.21646
0.001109591
-0.9986131
-0.02353357
-0.04708391
#143
14.30083
0.001109591
-0.9986131
-0.02353357
-0.04708391
#144
14.40222
0.001340588
-0.9981027
-0.02352154
-0.05688594
#145
14.50514
0.001730767
-0.9790561
-0.008330426
-0.2034132
#146
14.60547
0.002309597
-0.8974422
-0.00469899
-0.4411011
#147
14.70652
0.002632747
-0.8643763
-0.004525858
-0.5028183
#148
14.80801
0.004910508
-0.7804115
-0.00612942
-0.625217
#149
14.91115
0.005700471
-0.6878644
-0.005402547
-0.7257968
#150
15.01379
0.005594919
-0.629311
-0.004530757
-0.7771204
#151
15.10563
0.01269509
-0.6307669
-0.01032178
-0.7757999
#152
15.20801
0.0585982
-0.6558809
-0.051187
-0.7508438
#153
15.31025
0.1243404
-0.6507476
-0.1091897
-0.7410429
#154
15.41549
0.1319044
-0.6285074
-0.1092682
-0.7587096
#155
15.50013
0.1331159
-0.6234571
-0.1088107
-0.76272
#156
15.60605
0.1329707
-0.6210288
-0.1079681
-0.764843
#157
15.70794
0.125919
-0.6259267
-0.1033409
-0.7626801
#158
15.81247
0.1235216
-0.6291861
-0.1021876
-0.7605426
#159
15.91553
0.1233878
-0.6301806
-0.1023492
-0.7597187
#160
16.00073
0.1233878
-0.6301806
-0.1023492
-0.7597187
#161
16.1014
0.1233878
-0.6301806
-0.1023492
-0.7597187
#162
16.20371
0.1233878
-0.6301806
-0.1023492
-0.7597187
#163
16.30658
0.1233878
-0.6301806
-0.1023492
-0.7597187
#164
16.41006
0.1233878
-0.6301806
-0.1023492
-0.7597187
#165
16.51235
0.1323292
-0.6289312
-0.109766
-0.7582124
#166
16.61396
0.151877
-0.630192
-0.1274982
-0.7506902
#167
16.71656
0.1472737
-0.5901558
-0.1105779
-0.786002
#168
16.80547
0.1139766
-0.3556935
-0.04375242
-0.9265944
#169
16.90675
0.08821302
-0.2381853
-0.02172894
-0.9669613
#170
17.0089
0.0856396
-0.2401401
-0.0212735
-0.9667192
#171
17.11074
0.07802486
-0.2705524
-0.02200576
-0.9592859
#172
17.21503
0.07612943
-0.2974702
-0.02380324
-0.9513933
#173
17.30067
0.06015623
-0.3170832
-0.02015753
-0.9462733
#174
17.40124
0.04761608
-0.3259835
-0.01644229
-0.9440324
#175
17.50426
0.04596533
-0.313628
-0.01520178
-0.9483109
#176
17.60625
0.05796311
-0.3028513
-0.01845684
-0.9510945
#177
17.70885
0.06254936
-0.2915414
-0.01910862
-0.9543197
#178
17.81143
0.0637985
-0.2915162
-0.01949023
-0.954237
#179
17.91386
0.06567202
-0.2914774
-0.02006258
-0.9541099
#180
18.01564
0.07185743
-0.2938353
-0.02215803
-0.9528937
#181
18.10025
0.07617608
-0.2955988
-0.02365348
-0.9519764
