#0
0
0
0
0
1
#1
0.3733333
-0.0261606
-0.03532346
-0.0009249772
0.9990331
#2
0.4554863
-0.07021556
-0.1075133
-0.007612351
0.9916919
#3
0.5290744
-0.07021556
-0.1075133
-0.007612351
0.9916919
#4
0.5703261
-0.07021556
-0.1075133
-0.007612351
0.9916919
#5
0.6113321
-0.07150853
-0.1081522
-0.007799883
0.9915285
#6
0.6626464
-0.06761426
-0.108182
-0.00737511
0.9918017
#7
0.7093333
-0.06763803
-0.1049358
-0.007153804
0.9921504
#8
0.8173634
-0.1471958
-0.1661752
-0.02509455
0.9747254
#9
0.9097263
-0.2323758
-0.2670573
-0.06652298
0.9328755
#10
1.009802
-0.2444558
-0.3235675
-0.08692665
0.9099391
#11
1.122956
-0.2372643
-0.4001597
-0.108065
0.8785783
#12
1.21781
-0.2257976
-0.4413852
-0.1157952
0.8606893
#13
1.325765
-0.2264008
-0.4368726
-0.1146114
0.8629886
#14
1.402476
-0.2280826
-0.4283057
-0.1126635
0.8670868
#15
1.509816
-0.2294393
-0.4264551
-0.1127738
0.8676265
#16
1.611428
-0.2300071
-0.4263812
-0.1130529
0.8674762
#17
1.706444
-0.2300071
-0.4263812
-0.1130529
0.8674762
#18
1.818541
-0.234546
-0.4257834
-0.1152839
0.86626
#19
1.924009
-0.234546
-0.4257834
-0.1152839
0.86626
#20
2.018508
-0.2373032
-0.4259702
-0.116832
0.8652092
#21
2.110697
-0.2373032
-0.4259702
-0.116832
0.8652092
#22
2.217197
-0.2373032
-0.4259702
-0.116832
0.8652092
#23
2.338141
-0.2429608
-0.4251964
-0.1196174
0.8636375
#24
2.401603
-0.2457858
-0.4248027
-0.1210082
0.8628378
#25
2.522204
-0.2457858
-0.4248027
-0.1210082
0.8628378
#26
2.600519
-0.2457858
-0.4248027
-0.1210082
0.8628378
#27
2.701981
-0.2457858
-0.4248027
-0.1210082
0.8628378
#28
2.818017
-0.2457858
-0.4248027
-0.1210082
0.8628378
#29
2.909203
-0.2457858
-0.4248027
-0.1210082
0.8628378
#30
3.002107
-0.2457858
-0.4248027
-0.1210082
0.8628378
#31
3.150057
-0.2457858
-0.4248027
-0.1210082
0.8628378
#32
3.21763
-0.2457858
-0.4248027
-0.1210082
0.8628378
#33
3.341501
-0.2334298
-0.5092769
-0.1457924
0.8154092
#34
3.422586
-0.2078657
-0.6336451
-0.1822933
0.7225337
#35
3.512197
-0.1479242
-0.774698
-0.1967482
0.582453
#36
3.610476
-0.121957
-0.8206846
-0.1907905
0.5245974
#37
3.71544
-0.08626913
-0.8719912
-0.1663412
0.4522386
#38
3.825842
-0.08597312
-0.8720998
-0.1657705
0.452295
#39
3.926131
-0.08597312
-0.8720998
-0.1657705
0.452295
#40
4.022644
-0.08597312
-0.8720998
-0.1657705
0.452295
#41
4.145694
-0.08074769
-0.8928312
-0.1775951
0.4059461
#42
4.223011
-0.0745479
-0.9034634
-0.1754109
0.383963
#43
4.322419
-0.06719867
-0.9201806
-0.1817835
0.340157
#44
4.419502
-0.034988
-0.9647644
-0.1729367
0.195188
#45
4.514188
-0.007505905
-0.9846907
-0.1685373
0.04385375
#46
4.63051
0.01759746
-0.982155
-0.1430621
-0.1208107
#47
4.713933
0.02036179
-0.9795525
-0.1479248
-0.134835
#48
4.829537
0.02036179
-0.9795525
-0.1479248
-0.134835
#49
4.901641
0.01645328
-0.983221
-0.1405897
-0.1150668
#50
5.021813
0.05245206
-0.9194577
-0.1314722
-0.3668261
#51
5.110752
0.05193034
-0.9173006
-0.12749
-0.373643
#52
5.223898
0.05174715
-0.913155
-0.1226521
-0.3852619
#53
5.30995
0.04384347
-0.9288313
-0.1167211
-0.3488931
#54
5.425467
0.04289575
-0.9368547
-0.1239631
-0.3241858
#55
5.507272
0.04320351
-0.9392063
-0.1286553
-0.3153932
#56
5.609798
0.03833086
-0.9518765
-0.1335658
-0.2731706
#57
5.705874
0.03744032
-0.9546744
-0.1365079
-0.2618407
#58
5.825603
0.03744032
-0.9546744
-0.1365079
-0.2618407
#59
5.937822
0.03744032
-0.9546744
-0.1365079
-0.2618407
#60
6.00286
0.03726162
-0.9550164
-0.1365568
-0.2605909
#61
6.114164
0.03672507
-0.9560323
-0.136702
-0.2568386
#62
6.25363
0.03789102
-0.9564238
-0.1444321
-0.2509129
#63
6.305619
0.03881291
-0.9563075
-0.1495401
-0.2482083
#64
6.437967
0.03942509
-0.9561369
-0.1527205
-0.2468286
#65
6.524617
0.04013062
-0.9557933
-0.1558749
-0.2460728
#66
6.622552
0.04024699
-0.9559096
-0.1571787
-0.2447691
#67
6.753909
0.04103975
-0.9551169
-0.1589751
-0.2465654
#68
6.805988
0.04214052
-0.9535438
-0.1593547
-0.2521597
#69
6.9158
0.08884014
-0.8367829
-0.1426582
-0.5211051
#70
7.006771
0.1539672
-0.6969585
-0.1572262
-0.6825122
#71
7.118905
0.2062485
-0.6219341
-0.1745251
-0.7349834
#72
7.253801
0.3522251
-0.4730117
-0.2139458
-0.7787327
#73
7.301568
0.3981494
-0.356274
-0.1713674
-0.8277555
#74
7.425588
0.3232575
-0.2284977
-0.08074703
-0.9147531
#75
7.531491
0.1507946
-0.07755652
-0.01186782
-0.9854467
#76
7.602918
0.07323313
-0.01174946
-0.0008628262
-0.9972453
#77
7.734317
0.05818627
0.03266338
0.001904809
-0.9977695
#78
7.809579
0.05818627
0.03266338
0.001904809
-0.9977695
#79
7.916721
0.1756842
0.2730498
0.05079167
-0.9444571
#80
8.008621
0.3005326
0.4102668
0.1452831
-0.8486779
#81
8.117352
0.3679973
0.5101944
0.2557648
-0.7340736
#82
8.237457
0.347822
0.5377744
0.2586689
-0.7231244
#83
8.330067
0.2753536
0.5075262
0.1752508
-0.7974238
#84
8.434012
0.2463105
0.4612592
0.1349909
-0.8416345
#85
8.553818
0.2159892
0.4443406
0.1113015
-0.8622773
#86
8.606047
0.2154248
0.4444133
0.1110107
-0.8624185
#87
8.705836
0.213875
0.4435006
0.109858
-0.863421
#88
8.84218
0.2099875
0.4434333
0.1076875
-0.8646823
#89
8.911114
0.2094918
0.4429376
0.1072602
-0.8651097
#90
9.006497
0.2094918
0.4429376
0.1072602
-0.8651097
#91
9.129783
0.2094918
0.4429376
0.1072602
-0.8651097
#92
9.217582
0.2103388
0.4406012
0.1069997
-0.8661289
#93
9.346815
0.2145184
0.4384069
0.1085963
-0.8660185
#94
9.422385
0.2157233
0.4376975
0.1090288
-0.8660237
#95
9.502026
0.2180619
0.4368438
0.1100316
-0.8657422
#96
9.614257
0.2250769
0.434269
0.1130174
-0.8648571
#97
9.715154
0.232656
0.4315964
0.1162516
-0.8637599
#98
9.854399
0.232656
0.4315964
0.1162516
-0.8637599
#99
9.923434
0.2300918
0.4341606
0.1157241
-0.8632325
#100
10.07655
0.157287
0.5381558
0.1030238
-0.8216053
#101
10.12241
0.1472406
0.5467899
0.09838303
-0.8183287
#102
10.27346
0.1445618
0.5471089
0.09659314
-0.8188061
#103
10.30582
0.1433278
0.5440766
0.09495656
-0.8212315
#104
10.42329
0.1462532
0.5277268
0.09281507
-0.8315647
#105
10.52371
0.1462532
0.5277268
0.09281507
-0.8315647
#106
10.6008
0.1484914
0.5269377
0.09409913
-0.8315241
#107
10.75419
0.1529698
0.52535
0.09665675
-0.8314235
#108
10.80585
0.157451
0.5237491
0.09920014
-0.8312975
#109
10.99831
0.1733118
0.5126655
0.1065179
-0.834141
#110
11.05157
0.1738577
0.5125956
0.1068534
-0.8340274
#111
11.1431
0.1721823
0.5409153
0.1142353
-0.8153001
#112
11.26087
0.1445447
0.705003
0.1503354
-0.6778473
#113
11.3624
0.09712131
0.8437595
0.1632462
-0.5019842
#114
11.46778
0.09475711
0.8483206
0.1624013
-0.4949738
#115
11.56184
0.09475711
0.8483206
0.1624013
-0.4949738
#116
11.61004
0.09192251
0.808681
0.1313399
-0.5659817
#117
11.7744
0.02411141
0.9684879
0.1037152
-0.2251513
#118
11.80642
0.01685065
0.9793059
0.09192504
-0.1795152
#119
11.90639
-0.003054758
0.9945847
0.03060452
0.09927345
#120
12.05437
-0.02627221
0.9723573
0.1357907
0.1881276
#121
12.12115
-0.03860793
0.9609774
0.1787573
0.2075515
#122
12.23181
-0.1199792
0.7674341
0.1505646
0.6115394
#123
12.31479
-0.1215088
0.7307889
0.1349491
0.6580061
#124
12.40342
-0.1135196
0.7458864
0.1316877
0.6429814
#125
12.53443
-0.07423879
0.8191321
0.1089318
0.5582519
#126
12.63006
-0.02912055
0.9016163
0.06146603
0.4271557
#127
12.72647
-0.02824536
0.9039203
0.06043448
0.4224666
#128
12.82174
-0.02679726
0.9102561
0.05966134
0.4088472
#129
12.90821
-0.02800009
0.9142036
0.06412777
0.3991685
#130
13.02237
-0.03102371
0.9208384
0.07489774
0.3814244
#131
13.16218
-0.03552936
0.9238462
0.08854944
0.3706817
#132
13.23048
-0.03602044
0.9246376
0.09045783
0.368192
#133
13.30974
-0.038225
0.9256381
0.09728849
0.3636866
#134
13.40977
-0.03880922
0.9259206
0.09915669
0.3623987
#135
13.51701
-0.04144267
0.927949
0.1085985
0.354118
#136
13.6696
-0.04245509
0.9280514
0.1116903
0.3527656
#137
13.70183
-0.04245509
0.9280514
0.1116903
0.3527656
#138
13.83023
-0.05592461
0.92195
0.1454041
0.354596
#139
13.90798
-0.05625227
0.9216223
0.1459707
0.3551628
#140
14.00648
-0.05625227
0.9216223
0.1459707
0.3551628
#141
14.12185
-0.08685452
0.8242793
0.1316593
0.54377
#142
14.20624
-0.1552663
0.5655873
0.1094269
0.8025143
#143
14.30035
-0.2249777
0.4514161
0.1187427
0.8552828
#144
14.45842
-0.3250101
0.4021635
0.1552828
0.8417364
#145
14.51375
-0.2783918
0.3829199
0.1222053
0.8723166
#146
14.66864
0.1590188
0.003230243
-0.0005202926
0.9872701
#147
14.71669
0.2794749
-0.2441397
0.07371011
0.9256654
#148
14.80575
-0.1109465
-0.3924508
-0.04775243
0.9118075
#149
14.90636
-0.1745163
-0.4079614
-0.07976162
0.8926084
#150
15.01734
-0.1732493
-0.4155945
-0.08097163
0.8892184
#151
15.11925
-0.01853318
-0.3300388
-0.006481149
0.9437631
#152
15.22095
-0.06475002
-0.00130587
-8.473296E-05
0.9979007
#153
15.31795
-0.07845027
0.01500708
0.001181084
0.9968044
#154
15.42816
-0.08496585
0.01956321
0.001668562
0.9961904
#155
15.52907
-0.05058344
-0.131651
-0.006726752
0.9899819
#156
15.62014
-0.04138973
-0.1517738
-0.006361216
0.9875278
#157
15.77863
-0.03880425
-0.15179
-0.005963852
0.9876328
#158
15.81203
-0.03884989
-0.144028
-0.005658885
0.9887945
#159
15.9293
-0.04607103
-0.1277912
-0.005942662
0.9907127
#160
16.03061
-0.05254528
-0.1290458
-0.006847704
0.9902219
#161
16.10408
-0.05835202
-0.132242
-0.007798724
0.9894677
#162
16.20812
-0.06676282
-0.1328183
-0.008967319
0.9888487
#163
16.30425
-0.07387371
-0.1333973
-0.009971667
0.9882553
#164
16.63758
-0.07452051
-0.1333907
-0.01005897
0.9882067
#165
16.74298
-0.07452051
-0.1333907
-0.01005897
0.9882067
#166
16.80125
-0.07452051
-0.1333907
-0.01005897
0.9882067
#167
16.85465
-0.07452051
-0.1333907
-0.01005897
0.9882067
#168
16.90664
-0.07452051
-0.1333907
-0.01005897
0.9882067
#169
16.93909
-0.07452051
-0.1333907
-0.01005897
0.9882067
#170
17.04912
-0.07452051
-0.1333907
-0.01005897
0.9882067
#171
17.11077
-0.07452051
-0.1333907
-0.01005897
0.9882067
#172
17.2178
-0.08943507
-0.1750688
-0.01597103
0.9803557
#173
17.30277
-0.1019962
-0.217583
-0.0228689
0.9704285
#174
17.42319
-0.1019962
-0.217583
-0.0228689
0.9704285
#175
17.53971
-0.1019962
-0.217583
-0.0228689
0.9704285
#176
17.63585
-0.1019962
-0.217583
-0.0228689
0.9704285
#177
17.7397
-0.1019962
-0.217583
-0.0228689
0.9704285
#178
17.8075
-0.1019962
-0.217583
-0.0228689
0.9704285
#179
17.93458
-0.1019962
-0.217583
-0.0228689
0.9704285
#180
18.00292
-0.1019962
-0.217583
-0.0228689
0.9704285
#181
18.10002
-0.1019962
-0.217583
-0.0228689
0.9704285
#182
18.2015
-0.1019962
-0.217583
-0.0228689
0.9704285
#183
18.32358
-0.1019962
-0.217583
-0.0228689
0.9704285
#184
18.40047
-0.1019962
-0.217583
-0.0228689
0.9704285
#185
18.54819
-0.1019962
-0.217583
-0.0228689
0.9704285
