#0
0
0
0
0
1
#1
0.3733333
0
0
0
1
#2
0.3927381
0
0
0
1
#3
0.4097772
0
0
0
1
#4
0.427084
0
0
0
1
#5
0.5107517
0
0
0
1
#6
0.6062806
0
0
0
1
#7
0.7083887
0
0
0
1
#8
0.8098563
0
0
0
1
#9
0.9125862
0
0
0
1
#10
1.014194
0
0
0
1
#11
1.117014
0
0
0
1
#12
1.203006
0
0
0
1
#13
1.305897
0
0
0
1
#14
1.414087
0.001308997
0
0
0.9999992
#15
1.500134
0.002617991
0
0
0.9999966
#16
1.600528
0.002617991
0
0
0.9999966
#17
1.701236
0.002617991
0
0
0.9999966
#18
1.802127
0.002617991
0
0
0.9999966
#19
1.90365
-0.004581411
-0.005235909
-2.398843E-05
0.9999758
#20
2.00612
-0.02223396
-0.0392501
-0.0008735746
0.9989817
#21
2.107996
-0.03524067
-0.07319245
-0.002587913
0.9966916
#22
2.210293
-0.0524211
-0.1458778
-0.007740874
0.9878825
#23
2.312494
-0.0524211
-0.1458778
-0.007740874
0.9878825
#24
2.415104
-0.0524211
-0.1458778
-0.007740874
0.9878825
#25
2.516819
-0.0524211
-0.1458778
-0.007740874
0.9878825
#26
2.60151
-0.0524211
-0.1458778
-0.007740874
0.9878825
#27
2.705025
-0.04983465
-0.1458976
-0.00735894
0.9880164
#28
2.807313
-0.05317034
-0.1322819
-0.007106243
0.9897596
#29
2.909528
-0.05384596
-0.1283896
-0.006981422
0.9902363
#30
3.010453
-0.05384596
-0.1283896
-0.006981422
0.9902363
#31
3.112013
-0.05384596
-0.1283896
-0.006981422
0.9902363
#32
3.214414
-0.05384596
-0.1283896
-0.006981422
0.9902363
#33
3.300071
-0.05384596
-0.1283896
-0.006981422
0.9902363
#34
3.402444
-0.05384596
-0.1283896
-0.006981422
0.9902363
#35
3.50404
-0.05378461
-0.1368102
-0.007439311
0.9891081
#36
3.606769
-0.05936728
-0.1632448
-0.009841494
0.9847487
#37
3.708027
-0.06532324
-0.2023356
-0.01352779
0.9770416
#38
3.809725
-0.07392063
-0.2567996
-0.0197033
0.9634321
#39
3.911574
-0.08173245
-0.29732
-0.02555466
0.9509299
#40
4.012843
-0.08397686
-0.3059508
-0.02710355
0.9479491
#41
4.114937
-0.08477512
-0.3207653
-0.02883917
0.9429162
#42
4.216804
-0.09333446
-0.3861234
-0.03930609
0.916871
#43
4.30094
-0.09731321
-0.4274158
-0.04633787
0.8976072
#44
4.403547
-0.09790066
-0.4273854
-0.04661759
0.8975433
#45
4.50618
-0.08368183
-0.3877149
-0.03537011
0.9172914
#46
4.607718
-0.07895284
-0.3686112
-0.03143911
0.925691
#47
4.709482
-0.0795587
-0.3685906
-0.03168036
0.9256392
#48
4.810777
-0.08923085
-0.3982479
-0.03896083
0.9120957
#49
4.912097
-0.1177457
-0.6080791
-0.09182763
0.7797073
#50
5.01361
-0.1176635
-0.7038592
-0.1199968
0.6901727
#51
5.11498
-0.1088348
-0.7607679
-0.1322622
0.6260143
#52
5.215519
-0.09775428
-0.809014
-0.14065
0.5622793
#53
5.302456
-0.09338212
-0.8259251
-0.14359
0.5371308
#54
5.402658
-0.1092342
-0.8126289
-0.1616419
0.5491575
#55
5.508239
-0.2270911
-0.716854
-0.2708765
0.6009791
#56
5.61286
-0.267441
-0.6967702
-0.3190063
0.5841418
#57
5.715006
-0.2751597
-0.6914405
-0.3264734
0.5827628
#58
5.800024
-0.2749459
-0.6918217
-0.3266534
0.5823101
#59
5.902983
-0.2690057
-0.7030579
-0.3330849
0.5678029
#60
6.005688
-0.2691589
-0.703211
-0.3337212
0.5671666
#61
6.107632
-0.2738976
-0.7055898
-0.3502578
0.5517632
#62
6.209052
-0.2770569
-0.7046118
-0.3566971
0.5472922
#63
6.310404
-0.2794468
-0.7034484
-0.3607478
0.5449138
#64
6.410928
-0.2799231
-0.7033318
-0.3618515
0.5440873
#65
6.513646
-0.2800419
-0.7034506
-0.3624951
0.5434437
#66
6.615654
-0.2974208
-0.6915628
-0.3855121
0.5335375
#67
6.716845
-0.3109686
-0.683956
-0.4136069
0.5142295
#68
6.801405
-0.3110341
-0.6840214
-0.4142582
0.5135783
#69
6.904073
-0.3201661
-0.6766998
-0.4275853
0.5066972
#70
7.005756
-0.3244657
-0.6730372
-0.4333274
0.5039548
#71
7.108232
-0.3332123
-0.665167
-0.4431922
0.5001031
#72
7.209337
-0.3348115
-0.6636776
-0.444713
0.4996635
#73
7.314379
-0.3383684
-0.6604272
-0.4488258
0.4978939
#74
7.416128
-0.3402909
-0.6586296
-0.4507619
0.4972152
#75
7.517073
-0.3444837
-0.6547453
-0.4556954
0.4949558
#76
7.60216
-0.3464012
-0.6529272
-0.4576089
0.4942533
#77
7.704586
-0.3446224
-0.6548842
-0.4596199
0.4910313
#78
7.806822
-0.2477786
-0.7472118
-0.4831614
0.383191
#79
7.908306
-0.07919873
-0.8571678
-0.4896632
0.1386393
#80
8.009856
0.10017
-0.8871055
-0.3880275
-0.2290078
#81
8.11349
0.09999546
-0.8897496
-0.3781342
-0.2352893
#82
8.215131
0.09984144
-0.8899969
-0.3775518
-0.2353547
#83
8.30547
0.07873414
-0.8908182
-0.4142125
-0.1693281
#84
8.402316
0.0417915
-0.9001927
-0.424318
-0.08866089
#85
8.503914
0.03517026
-0.901196
-0.425512
-0.07448744
#86
8.605026
0.005043782
-0.9036467
-0.4281166
-0.01064616
#87
8.707052
-0.02248717
-0.893701
-0.4458261
0.04507769
#88
8.808777
-0.02602199
-0.8930275
-0.4462202
0.05207822
#89
8.911125
-0.03388564
-0.8882312
-0.4533086
0.06639689
#90
9.01261
-0.03751181
-0.8835888
-0.4611926
0.07186805
#91
9.1148
-0.042511
-0.8728884
-0.4798741
0.07732728
#92
9.216688
-0.04555322
-0.8655806
-0.4922176
0.08010681
#93
9.302739
-0.04743343
-0.8618026
-0.4983141
0.08203311
#94
9.404707
-0.04994787
-0.8581951
-0.5037516
0.08509157
#95
9.510208
0.03129818
-0.8591136
-0.5080782
-0.05292235
#96
9.611001
0.2268632
-0.7709528
-0.4525412
-0.3864859
#97
9.716081
0.3149767
-0.6438428
-0.3301802
-0.6141964
#98
9.80365
0.3235075
-0.6212982
-0.3135
-0.6411312
#99
9.90634
0.3028865
-0.629279
-0.2916009
-0.6536334
#100
10.01621
0.2644533
-0.6669995
-0.2757688
-0.6396309
#101
10.10677
0.2597636
-0.6754486
-0.2777103
-0.6317984
#102
10.20855
0.2573853
-0.6778269
-0.2766159
-0.6307038
#103
10.30989
0.2573853
-0.6778269
-0.2766159
-0.6307038
#104
10.41181
0.2561464
-0.6783687
-0.2752844
-0.6312079
#105
10.51295
0.2549776
-0.682532
-0.278015
-0.6259747
#106
10.61377
0.2552048
-0.6827594
-0.2786288
-0.6253607
#107
10.71563
0.2611258
-0.6845345
-0.2903913
-0.6155475
#108
10.80347
0.2683593
-0.681066
-0.2984354
-0.6124286
#109
10.90716
0.2677521
-0.6810547
-0.2973684
-0.6132253
#110
11.01014
0.2618322
-0.6816796
-0.2881279
-0.6194668
#111
11.11548
0.2532498
-0.6849411
-0.2779515
-0.6240699
#112
11.20312
0.2532498
-0.6849411
-0.2779515
-0.6240699
#113
11.30525
0.2561063
-0.6836605
-0.2810867
-0.622903
#114
11.4081
0.2613969
-0.6812441
-0.2868934
-0.6207014
#115
11.51627
0.2660498
-0.6787558
-0.2916164
-0.6192479
#116
11.60296
0.2664551
-0.6785648
-0.2920606
-0.6190737
#117
11.70723
0.2676701
-0.67799
-0.2933924
-0.6185493
#118
11.80752
0.2710995
-0.6760403
-0.2967609
-0.617582
#119
11.91401
0.2755388
-0.6738863
-0.3016204
-0.6156143
#120
12.00741
0.290285
-0.6290216
-0.2736696
-0.6672117
#121
12.10326
0.3041126
-0.5799584
-0.2469247
-0.7142773
#122
12.2134
0.3033084
-0.5564317
-0.2283511
-0.7390829
#123
12.30808
0.2869862
-0.5527515
-0.2105227
-0.7535151
#124
12.41598
0.2720902
-0.547936
-0.1944379
-0.766764
#125
12.50586
0.2712131
-0.5476876
-0.193543
-0.7674783
#126
12.6119
0.2712131
-0.5476876
-0.193543
-0.7674783
#127
12.71826
0.2742249
-0.5469233
-0.1956923
-0.7664073
#128
12.81117
0.2740967
-0.5474251
-0.1958718
-0.7660491
#129
12.90829
0.2771028
-0.5466516
-0.19802
-0.7649667
#130
13.00303
0.2796047
-0.5460007
-0.1998079
-0.7640558
#131
13.10315
0.2865939
-0.5441469
-0.2048024
-0.7614618
#132
13.20066
0.2930623
-0.5423847
-0.2094248
-0.7589958
#133
13.30824
0.2960407
-0.5415581
-0.2115531
-0.7578391
#134
13.40222
0.3107816
-0.4885091
-0.1915676
-0.7925122
#135
13.51618
0.3344201
-0.3501259
-0.1354535
-0.8644232
#136
13.61144
0.3311388
-0.2129498
-0.07698167
-0.9160094
#137
13.70836
0.3201548
-0.2084674
-0.0724431
-0.9213003
#138
13.80007
0.3199641
-0.2108785
-0.07328097
-0.9207515
#139
13.90426
0.3255233
0.03711955
0.01279035
-0.9447185
#140
14.01134
0.2949294
0.1320354
0.04118766
-0.945456
#141
14.1213
0.2911873
0.146401
0.04514376
-0.9443192
#142
14.2185
0.2855954
0.1713102
0.0519664
-0.9414816
#143
14.31774
0.42448
0.2229765
0.1086927
-0.8707951
#144
14.40836
0.4754963
0.2592717
0.1490126
-0.8273311
#145
14.50347
0.4783887
0.2634424
0.1530195
-0.8236064
#146
14.60218
0.4802098
0.2755025
0.1619597
-0.8168636
#147
14.71605
0.4728307
0.2841658
0.1643113
-0.8177303
#148
14.80962
0.4641419
0.2915703
0.1650466
-0.8199505
#149
14.91223
0.4517581
0.3043825
0.1673357
-0.8217449
#150
15.00665
0.4503534
0.3062155
0.1678218
-0.8217359
#151
15.11511
0.4503534
0.3062155
0.1678218
-0.8217359
#152
15.20712
0.4536127
0.3127137
0.1737863
-0.8162377
#153
15.30832
0.4698955
0.3121708
0.1821439
-0.8053392
#154
15.40001
0.4720472
0.3136766
0.1844011
-0.8029786
#155
15.50649
0.4728556
0.3144851
0.1854308
-0.801949
#156
15.60635
0.4702877
0.339116
0.2020535
-0.7893062
#157
15.70001
0.3771502
0.5271201
0.2808651
-0.7078255
#158
15.80534
0.2507341
0.7151926
0.3133895
-0.5722053
#159
15.9142
0.2492957
0.7178066
0.314535
-0.5689228
#160
16.00374
0.2460309
0.7180073
0.3079239
-0.5736873
#161
16.11666
0.1578598
0.8366625
0.3148976
-0.4194232
#162
16.20876
0.09229016
0.9066604
0.3130736
-0.2672721
#163
16.3181
0.06404956
0.9304034
0.3023065
-0.1971242
#164
16.41115
0.03205652
0.956437
0.2663674
-0.1151043
#165
16.50416
-0.03371716
0.9632515
0.2232698
0.1454658
#166
16.61423
-0.07981553
0.911284
0.2112243
0.3443477
#167
16.71592
-0.0746783
0.9197057
0.2144454
0.3202777
#168
16.8072
-0.05732589
0.9410906
0.2620935
0.2058383
#169
16.92013
-0.03813061
0.9423988
0.3116686
0.1152963
#170
17.00827
-0.03454266
0.9399258
0.3245602
0.1000355
#171
17.11191
-0.01939796
0.9412605
0.3326247
0.05489229
#172
17.20733
-0.01052453
0.9417387
0.3348752
0.02959715
#173
17.30124
-0.009209157
0.9418477
0.334914
0.02589806
#174
17.40616
-0.009209157
0.9418477
0.334914
0.02589806
#175
17.51415
-0.009209157
0.9418477
0.334914
0.02589806
#176
17.60789
-0.008802893
0.9414417
0.3361584
0.02465329
#177
17.70157
-0.00778725
0.9401898
0.3398801
0.0215414
#178
17.80331
-0.007368949
0.9397715
0.3411205
0.02030112
#179
17.90301
-0.007435346
0.9386501
0.3441941
0.02027689
#180
18.00958
-0.007287159
0.9373043
0.3478823
0.01963389
#181
18.1165
-0.009826144
0.9366825
0.3490473
0.02636886
#182
18.20691
-0.1024126
0.8909602
0.3649555
0.2500184
#183
18.31942
-0.1389656
0.8607252
0.3585058
0.3336381
#184
18.4142
-0.1435972
0.8562349
0.3599282
0.341604
#185
18.50978
-0.1529783
0.847008
0.3625909
0.3573555
#186
18.61159
-0.1700927
0.8289461
0.3542171
0.3980544
#187
18.71465
-0.1752504
0.822206
0.3456237
0.4169039
#188
18.80732
-0.1744564
0.8224093
0.341284
0.4203965
#189
18.90573
-0.1744043
0.822357
0.3406315
0.4210491
#190
19.01118
-0.1744043
0.822357
0.3406315
0.4210491
#191
19.10894
-0.1744043
0.822357
0.3406315
0.4210491
#192
19.20497
-0.1743513
0.8223038
0.3399791
0.4217016
#193
19.30382
-0.1743513
0.8223038
0.3399791
0.4217016
#194
19.40317
-0.1787107
0.8186514
0.3479187
0.4205057
#195
19.51579
-0.1884329
0.8100919
0.3644948
0.4187933
#196
19.60466
-0.1913419
0.8078611
0.3737122
0.4136276
#197
19.70805
-0.1913419
0.8078611
0.3737122
0.4136276
#198
19.81216
-0.2058432
0.7941566
0.4046431
0.4039899
#199
19.90744
-0.3110761
0.6889162
0.4609717
0.4648992
#200
20.00002
-0.3460423
0.6538129
0.4672217
0.4842389
#201
20.11627
-0.384239
0.6151366
0.4688207
0.5041574
#202
20.20496
-0.3950899
0.6036404
0.4638177
0.514194
#203
20.31276
-0.4153344
0.5801657
0.4457805
0.5405413
#204
20.40331
-0.4190512
0.5748376
0.4387023
0.5490885
#205
20.5079
-0.4199365
0.5699017
0.4232464
0.5654449
#206
20.61672
-0.4189104
0.5701696
0.4205574
0.5679368
#207
20.70455
-0.4188136
0.5700726
0.41991
0.5685842
#208
20.80264
-0.3938385
0.5580232
0.3399508
0.6464788
#209
20.91353
-0.3551647
0.5264469
0.2566232
0.7285989
#210
21.00875
-0.3451255
0.5286457
0.2483393
0.7346767
#211
21.10131
-0.341756
0.5297779
0.2459147
0.7362502
#212
21.21561
-0.3472708
0.5346492
0.2554443
0.7268435
#213
21.30714
-0.3613666
0.5320039
0.2680065
0.7173274
#214
21.41696
-0.3711155
0.5294873
0.2763683
0.7110114
#215
21.51305
-0.3755779
0.5281307
0.2800736
0.7082218
#216
21.60594
-0.3781714
0.5274893
0.282393
0.7063962
#217
21.70315
-0.3970552
0.5204388
0.2973047
0.6950543
#218
21.80061
-0.4089881
0.3965521
0.2036908
0.7962319
#219
21.90787
-0.2415048
0.03999848
0.009963472
0.9695238
#220
22.00058
-0.2102509
-0.04477417
-0.009639628
0.9765741
#221
22.11212
-0.209093
-0.03007653
-0.006434125
0.977412
#222
22.20019
-0.2085217
-0.01664254
-0.003548869
0.9778697
#223
22.30848
-0.1896048
-0.3233751
-0.06630588
0.9247065
#224
22.416
-0.174392
-0.5248038
-0.1108327
0.825763
#225
22.50551
-0.1818292
-0.4696073
-0.09949695
0.8582002
#226
22.61494
-0.2024931
-0.1214242
-0.02531155
0.9713969
#227
22.70461
-0.1323565
0.04150675
0.005547402
0.9903172
#228
22.81077
-0.114806
0.04744421
0.005489486
0.9922391
#229
22.90184
-0.1023815
0.06116015
0.006306805
0.9928433
#230
23.01299
-0.1494732
0.08015306
0.01215779
0.9854367
#231
23.10786
-0.1784181
0.08040226
0.01462969
0.9805552
#232
23.21608
-0.1969963
0.08011012
0.01615304
0.9769923
#233
23.30421
-0.2142063
0.08108616
0.0178465
0.9732534
#234
23.40217
-0.2336028
0.09464701
0.02285382
0.9674448
#235
23.53666
-0.1271204
0.1114142
0.01437133
0.9855054
#236
23.61466
-0.04350242
0.1232675
0.005408928
0.9914048
#237
23.7113
-0.006493912
0.1246823
0.0008160615
0.9921752
#238
23.80148
0.001298733
0.1246849
-0.0001632061
0.9921955
#239
23.90565
-0.007800111
0.1168849
0.0009180364
0.9931145
#240
24.00242
-0.02211518
0.1103585
0.002456214
0.9936427
#241
24.1009
-0.02926826
0.110338
0.003250667
0.9934578
#242
24.20321
-0.04291961
0.1102829
0.004766849
0.9929617
#243
24.30686
-0.06824867
0.1101253
0.00758001
0.9915428
#244
24.40091
-0.0747368
0.1100733
0.008300611
0.9910749
#245
24.51249
-0.08706149
0.1093134
0.00961175
0.9901407
#246
24.60059
-0.09289903
0.1086069
0.01019467
0.989682
#247
24.71419
-0.1032577
0.1084942
0.01133142
0.9886549
#248
24.81016
-0.1188807
0.09990174
0.0120231
0.9877968
#249
24.91606
-0.1215136
0.09599108
0.01180748
0.9878668
#250
25.00102
-0.1215213
0.09534477
0.01172798
0.9879293
#251
25.10688
-0.1221601
0.09598333
0.01187031
0.9877871
#252
25.21115
-0.1221445
0.09727665
0.01203025
0.9876605
#253
25.30288
-0.1227829
0.09791529
0.01217431
0.9875165
#254
25.40802
-0.1227749
0.0985618
0.01225469
0.9874521
#255
25.51531
-0.1272639
0.1010882
0.01303938
0.986618
#256
25.60312
-0.1279096
0.1010797
0.01310554
0.9865345
